7
43
58
92
95
106
127
155
172
174
174
175
186
195
204
206
213
221
222
227
230
269
273
282
283
300
308
322
326
336
338
346
358
368
369
372
425
427
433
455
465
466
474
486
488
502
503
504
506
509
518
529
530
532
538
539
559
564
581
607
615
619
635
671
705
706
706
711
716
740
767
790
797
800
803
804
807
811
813
819
829
847
867
875
881
889
892
940
947
965
975
980
980
988
1005
1022
1040
1052
1065
1066
1090
1094
1097
1098
1108
1108
1112
1119
1132
1136
1172
1181
1183
1211
1213
1222
1228
1237
1245
1245
1266
1268
1281
1287
1305
1305
1310
1312
1319
1325
1356
1365
1370
1370
1377
1395
1398
1406
1410
1419
1423
1430
1448
1456
1469
1476
1482
1502
1509
1516
1556
1557
1558
1563
1567
1568
1575
1575
1604
1605
1610
1614
1649
1660
1670
1685
1690
1691
1692
1705
1707
1728
1734
1745
1747
1750
1751
1758
1768
1781
1796
1797
1800
1821
1824
1824
1825
1829
1832
1849
1854
1867
1878
1880
1882
1885
1890
1898
1919
1929
1942
1947
1968
1969
1970
2029
2040
2052
2054
2065
2071
2077
2087
2089
2095
2107
2120
2124
2125
2130
2133
2140
2172
2181
2182
2202
2206
2218
2249
2255
2256
2257
2258
2267
2280
2282
2288
2300
2301
2332
2333
2335
2338
2340
2361
2372
2382
2397
2402
2423
2433
2439
2451
2454
2456
2466
2466
2485
2509
2514
2523
2555
2561
2571
2605
2616
2617
2660
2660
2666
2667
2673
2675
2703
2748
2749
2755
2759
2762
2763
2768
2784
2808
2836
2853
2857
2885
2898
2900
2907
2912
2922
2930
2932
2951
2981
2988
2990
3027
3038
3058
3062
3089
3107
3115
3121
3123
3126
3159
3159
3159
3164
3178
3183
3221
3226
3255
3257
3268
3268
3270
3297
3308
3311
3320
3329
3335
3338
3346
3349
3355
3355
3361
3381
3388
3393
3413
3417
3427
3436
3455
3459
3462
3470
3474
3474
3475
3501
3502
3504
3510
3524
3526
3528
3531
3543
3544
3549
3576
3579
3579
3596
3599
3619
3628
3639
3645
3677
3687
3687
3689
3694
3704
3709
3724
3727
3729
3730
3745
3752
3762
3765
3769
3770
3779
3793
3795
3799
3827
3842
3852
3852
3865
3871
3892
3892
3903
3920
3920
3924
3926
3929
3934
3947
3966
3986
3986
4015
4020
4040
4055
4070
4097
4115
4145
4147
4170
4181
4185
4188
4189
4195
4206
4242
4255
4259
4291
4300
4330
4335
4351
4370
4396
4396
4406
4411
4413
4419
4428
4432
4438
4458
4459
4467
4503
4541
4546
4555
4565
4567
4571
4599
4606
4622
4632
4632
4633
4636
4637
4649
4679
4688
4703
4703
4712
4712
4718
4718
4745
4752
4770
4777
4781
4781
4802
4809
4825
4827
4836
4847
4848
4869
4870
4874
4890
4902
4904
4908
4909
4942
4944
4965
4995
4998
5011
5017
5022
5028
5031
5035
5035
5035
5045
5046
5052
5053
5058
5065
5080
5085
5090
5102
5113
5134
5147
5157
5168
5196
5199
5221
5227
5228
5244
5261
5273
5276
5278
5281
5288
5291
5293
5376
5379
5385
5388
5392
5411
5432
5438
5443
5450
5452
5456
5469
5477
5485
5498
5524
5542
5542
5547
5559
5581
5591
5591
5618
5621
5627
5634
5680
5694
5698
5702
5706
5718
5722
5725
5730
5748
5751
5756
5761
5768
5776
5781
5781
5801
5829
5854
5857
5869
5880
5892
5894
5930
5938
5963
5966
5970
5973
5974
5987
5997
6011
6012
6023
6024
6030
6038
6062
6074
6090
6097
6103
6103
6124
6127
6131
6145
6146
6168
6176
6196
6265
6271
6278
6283
6294
6299
6319
6327
6333
6347
6366
6369
6387
6398
6422
6435
6447
6452
6469
6490
6491
6512
6514
6527
6536
6546
6555
6573
6586
6605
6606
6607
6618
6645
6646
6657
6659
6663
6672
6688
6690
6695
6701
6703
6707
6710
6720
6722
6725
6731
6744
6748
6776
6781
6781
6782
6785
6785
6791
6798
6806
6810
6811
6856
6865
6868
6880
6888
6898
6899
6899
6913
6925
6942
6983
6991
6992
7002
7004
7006
7010
7017
7024
7029
7040
7041
7042
7092
7106
7141
7141
7154
7162
7167
7186
7200
7204
7220
7232
7241
7248
7259
7260
7261
7262
7272
7275
7279
7282
7318
7327
7328
7330
7333
7362
7363
7366
7366
7372
7376
7382
7386
7388
7400
7422
7426
7427
7428
7430
7443
7444
7462
7474
7475
7480
7480
7483
7496
7513
7517
7546
7562
7566
7571
7572
7574
7581
7581
7604
7645
7647
7647
7661
7667
7668
7687
7688
7694
7699
7703
7703
7717
7739
7740
7744
7745
7747
7751
7778
7779
7781
7786
7795
7796
7802
7806
7833
7837
7849
7851
7861
7861
7862
7881
7882
7889
7927
7927
7934
7951
7956
7959
7959
7963
7973
7978
8011
8016
8018
8029
8055
8061
8082
8101
8112
8127
8137
8144
8147
8158
8161
8184
8220
8225
8236
8238
8249
8256
8270
8273
8276
8300
8318
8321
8354
8354
8355
8367
8370
8375
8379
8386
8397
8409
8422
8432
8435
8438
8440
8470
8488
8497
8506
8528
8528
8532
8548
8549
8555
8556
8575
8578
8584
8595
8597
8599
8604
8611
8612
8657
8685
8720
8734
8735
8739
8746
8766
8779
8781
8786
8819
8826
8863
8865
8865
8882
8884
8905
8914
8926
8932
8955
8959
8962
8962
8968
8976
8978
8980
9038
9042
9060
9080
9084
9085
9088
9090
9100
9102
9128
9154
9193
9209
9212
9251
9277
9287
9302
9308
9321
9325
9328
9329
9342
9345
9350
9381
9382
9395
9398
9401
9408
9412
9419
9424
9438
9438
9445
9458
9483
9496
9513
9523
9527
9528
9551
9554
9555
9565
9566
9574
9574
9584
9599
9600
9601
9602
9615
9620
9621
9631
9634
9643
9648
9690
9693
9705
9712
9729
9748
9762
9769
9779
9794
9794
9799
9802
9802
9807
9814
9820
9855
9857
9866
9869
9871
9873
9873
9927
9940
9952
9967
9968
9968
9970
9974
9983
9992
10001
10052
10069
10071
10072
10073
10079
10083
10089
10101
10108
10126
10153
10162
10169
10189
10192
10194
10195
10224
10229
10233
10236
10281
10302
10313
10316
10317
10329
10334
10334
10339
10374
10390
10390
10402
10422
10438
10447
10452
10462
10474
10503
10518
10519
10538
10549
10556
10556
10561
10568
10572
10591
10613
10618
10627
10630
10631
10645
10655
10657
10676
10716
10729
10744
10745
10753
10758
10759
10769
10786
10802
10804
10813
10817
10822
10828
10831
10835
10850
10870
10876
10878
10888
10905
10907
10912
10916
10916
10926
10930
10941
10941
10942
10951
10952
10966
10967
10969
10980
11005
11017
11027
11037
11069
11074
11095
11109
11109
11111
11125
11126
11179
11187
11188
11194
11201
11235
11249
11268
11280
11296
11320
11327
11348
11366
11371
11384
11390
11397
11411
11417
11423
11441
11445
11453
11459
11463
11473
11473
11479
11497
11506
11516
11520
11548
11555
11574
11577
11577
11580
11598
11605
11610
11616
11627
11656
11669
11677
11679
11700
11700
11719
11723
11742
11743
11746
11756
11763
11773
11793
11806
11809
11813
11825
11834
11842
11843
11866
11866
11866
11869
11910
11923
11939
11985
11995
12015
12026
12027
12028
12031
12032
12038
12046
12046
12047
12055
12065
12067
12082
12089
12097
12102
12108
12109
12159
12160
12170
12175
12177
12177
12179
12189
12225
12241
12242
12245
12246
12249
12250
12262
12265
12268
12283
12288
12293
12302
12307
12312
12316
12325
12345
12345
12363
12372
12374
12375
12378
12380
12397
12405
12414
12416
12416
12420
12431
12434
12443
12443
12448
12455
12465
12467
12484
12513
12555
12563
12568
12582
12582
12584
12600
12605
12634
12640
12647
12661
12667
12700
12715
12721
12735
12738
12739
12750
12752
12773
12773
12784
12794
12811
12823
12826
12841
12844
12849
12871
12880
12886
12889
12894
12895
12896
12898
12898
12904
12913
12916
12923
12941
12949
12952
12957
12964
12981
13018
13029
13030
13051
13092
13093
13097
13105
13110
13121
13156
13178
13203
13219
13224
13231
13238
13242
13249
13309
13326
13336
13340
13340
13371
13394
13395
13415
13419
13447
13477
13487
13502
13503
13512
13522
13526
13530
13551
13570
13582
13592
13596
13612
13663
13674
13675
13675
13691
13702
13726
13737
13737
13748
13751
13755
13762
13764
13772
13773
13792
13794
13804
13826
13836
13846
13853
13855
13859
13865
13880
13888
13898
13919
13923
13943
13951
13955
13957
13962
13979
14006
14018
14024
14027
14047
14047
14054
14076
14087
14089
14089
14121
14125
14128
14135
14139
14141
14162
14163
14164
14192
14218
14229
14250
14255
14264
14264
14264
14284
14296
14304
14304
14313
14324
14326
14338
14355
14364
14370
14374
14393
14396
14400
14416
14430
14441
14499
14519
14535
14537
14549
14561
14568
14581
14581
14581
14582
14592
14596
14615
14618
14628
14635
14638
14639
14651
14667
14674
14687
14695
14698
14702
14709
14724
14729
14732
14741
14744
14752
14756
14788
14822
14828
14842
14857
14866
14875
14912
14925
14926
14931
14942
14947
14951
14954
14957
14957
14964
14967
14976
14983
14987
15002
15014
15014
15038
15039
15040
15046
15054
15058
15060
15062
15071
15117
15122
15124
15128
15132
15133
15141
15152
15152
15166
15179
15187
15201
15213
15227
15235
15241
15249
15273
15294
15339
15342
15354
15362
15373
15378
15384
15403
15412
15415
15430
15449
15453
15463
15498
15498
15505
15508
15512
15542
15544
15548
15548
15550
15564
15584
15584
15610
15626
15635
15651
15653
15657
15674
15680
15681
15692
15737
15738
15744
15754
15780
15783
15784
15787
15794
15810
15826
15858
15860
15863
15870
15873
15875
15875
15881
15884
15884
15890
15941
15948
15950
15953
15964
15969
15970
15973
15991
15994
15997
15998
16013
16013
16017
16032
16050
16069
16073
16082
16098
16101
16105
16121
16123
16124
16128
16132
16136
16141
16150
16152
16167
16174
16178
16183
16189
16199
16216
16222
16235
16259
16263
16271
16290
16294
16298
16300
16308
16329
16334
16338
16351
16352
16355
16357
16377
16397
16398
16411
16445
16448
16452
16477
16500
16503
16510
16512
16522
16552
16563
16584
16591
16591
16592
16601
16615
16622
16626
16633
16637
16644
16650
16651
16668
16671
16671
16672
16690
16699
16699
16704
16722
16725
16731
16736
16736
16745
16746
16769
16780
16791
16808
16811
16812
16832
16850
16866
16869
16870
16879
16885
16890
16894
16914
16926
16929
16929
16934
16975
17016
17024
17030
17055
17069
17073
17080
17147
17181
17195
17208
17219
17222
17227
17235
17242
17265
17266
17266
17268
17280
17280
17283
17284
17307
17316
17322
17333
17339
17362
17376
17383
17390
17392
17406
17411
17425
17438
17483
17485
17493
17495
17499
17505
17505
17516
17526
17530
17537
17549
17551
17555
17558
17562
17569
17574
17583
17586
17586
17614
17642
17645
17654
17714
17716
17718
17719
17722
17770
17783
17783
17784
17808
17811
17822
17842
17855
17866
17872
17877
17879
17881
17890
17893
17899
17918
17921
17921
17924
17931
17939
17981
17988
17991
17995
17995
18012
18033
18048
18066
18070
18081
18082
18098
18103
18104
18106
18107
18119
18143
18152
18161
18176
18187
18197
18206
18215
18216
18220
18222
18226
18229
18233
18276
18286
18295
18296
18299
18300
18302
18318
18335
18344
18353
18366
18368
18371
18381
18391
18394
18406
18442
18456
18471
18472
18472
18474
18484
18488
18511
18530
18530
18542
18549
18565
18592
18607
18667
18669
18670
18683
18699
18700
18700
18710
18710
18717
18728
18746
18749
18756
18779
18782
18784
18785
18789
18806
18815
18821
18834
18841
18842
18844
18866
18884
18887
18892
18897
18907
18922
18949
18953
18983
18985
18988
19000
19001
19015
19029
19030
19044
19049
19103
19105
19110
19114
19116
19120
19134
19164
19179
19184
19200
19203
19218
19233
19247
19251
19259
19267
19272
19275
19286
19299
19303
19314
19323
19327
19341
19351
19354
19355
19357
19373
19382
19385
19391
19402
19413
19414
19423
19441
19454
19466
19474
19486
19487
19491
19496
19520
19522
19524
19535
19537
19548
19558
19572
19584
19588
19600
19603
19655
19665
19668
19673
19674
19676
19683
19684
19688
19696
19711
19719
19736
19737
19738
19744
19752
19755
19760
19768
19769
19773
19793
19801
19802
19815
19868
19878
19897
19908
19908
19918
19942
19945
19952
19954
19963
19967
19982
19995
19998
20029
20036
20040
20051
20056
20061
20078
20081
20087
20097
20100
20104
20142
20143
20150
20156
20162
20163
20175
20175
20178
20179
20192
20196
20197
20208
20214
20224
20338
20338
20339
20339
20349
20354
20355
20390
20410
20412
20466
20467
20470
20470
20475
20509
20530
20533
20566
20568
20577
20601
20609
20617
20623
20624
20643
20645
20660
20661
20671
20677
20678
20683
20696
20696
20697
20711
20719
20722
20731
20745
20764
20784
20786
20788
20791
20793
20823
20831
20845
20854
20854
20856
20878
20890
20904
20905
20913
20917
20940
20958
20964
20969
20974
20975
20979
20996
21015
21022
21027
21027
21032
21036
21037
21056
21058
21069
21073
21083
21104
21109
21115
21118
21123
21126
21138
21154
21159
21166
21174
21187
21190
21200
21226
21230
21237
21251
21252
21264
21298
21304
21318
21340
21342
21355
21368
21374
21384
21387
21403
21404
21427
21431
21434
21436
21500
21504
21506
21516
21517
21522
21523
21542
21550
21551
21554
21576
21582
21595
21595
21603
21603
21622
21641
21643
21653
21655
21672
21703
21710
21716
21751
21764
21774
21782
21794
21801
21809
21821
21841
21847
21850
21855
21857
21863
21873
21887
21896
21899
21899
21899
21901
21904
21909
21934
21957
21968
21982
21985
21993
21993
22003
22022
22030
22061
22065
22094
22096
22100
22119
22161
22162
22179
22195
22203
22207
22224
22235
22270
22277
22288
22294
22315
22317
22321
22331
22332
22348
22348
22348
22357
22361
22380
22382
22384
22384
22384
22391
22403
22409
22414
22415
22417
22437
22453
22470
22471
22480
22500
22501
22501
22509
22522
22522
22534
22541
22560
22563
22567
22588
22590
22591
22620
22624
22629
22638
22640
22663
22700
22701
22702
22708
22724
22738
22740
22741
22747
22752
22755
22760
22763
22798
22799
22810
22834
22846
22857
22870
22893
22904
22906
22921
22921
22921
22926
22960
22984
22991
22998
22999
22999
23022
23023
23035
23058
23093
23106
23106
23121
23151
23155
23158
23170
23182
23202
23212
23218
23231
23234
23234
23244
23248
23250
23255
23259
23279
23323
23329
23331
23331
23354
23364
23387
23389
23412
23412
23423
23435
23444
23448
23448
23453
23472
23488
23520
23520
23533
23543
23560
23573
23583
23586
23597
23603
23613
23620
23623
23628
23638
23644
23657
23659
23660
23662
23674
23675
23682
23689
23692
23701
23713
23714
23722
23741
23760
23776
23778
23791
23793
23807
23839
23850
23851
23863
23866
23880
23907
23916
23940
23943
23950
23971
23981
23984
23991
23995
24001
24003
24009
24009
24028
24055
24081
24082
24083
24086
24086
24100
24103
24114
24115
24127
24131
24136
24145
24147
24150
24160
24161
24161
24164
24175
24191
24196
24198
24213
24213
24220
24246
24284
24291
24294
24297
24308
24314
24329
24331
24339
24342
24362
24363
24370
24386
24386
24406
24417
24417
24459
24479
24481
24496
24503
24504
24512
24524
24538
24539
24545
24555
24570
24571
24577
24603
24605
24608
24643
24644
24656
24660
24679
24695
24703
24705
24724
24745
24750
24756
24769
24792
24811
24817
24823
24832
24854
24856
24858
24886
24890
24891
24891
24906
24918
24931
24940
24949
24960
24971
24984
24985
24990
24992
24994
24995
25000
25014
25021
25023
25036
25064
25088
25090
25093
25098
25098
25104
25105
25111
25119
25130
25142
25143
25144
25145
25151
25155
25158
25177
25185
25193
25195
25232
25233
25274
25274
25278
25286
25295
25310
25319
25330
25331
25334
25365
25377
25378
25386
25390
25406
25418
25421
25438
25452
25462
25469
25471
25476
25481
25483
25486
25489
25497
25500
25535
25569
25575
25585
25597
25603
25606
25612
25633
25644
25648
25648
25656
25664
25670
25675
25684
25694
25704
25716
25740
25750
25763
25777
25791
25803
25803
25807
25826
25826
25835
25842
25849
25853
25856
25880
25881
25911
25912
25912
25916
25927
25953
25957
25962
25979
25988
25999
26000
26002
26013
26016
26020
26065
26066
26068
26078
26094
26095
26099
26102
26119
26125
26142
26144
26145
26152
26166
26169
26172
26178
26185
26204
26210
26223
26242
26277
26287
26288
26288
26290
26315
26334
26357
26363
26366
26366
26379
26381
26382
26395
26405
26415
26444
26444
26452
26452
26455
26471
26472
26480
26510
26515
26525
26585
26596
26598
26606
26642
26656
26662
26670
26679
26687
26690
26698
26709
26709
26721
26727
26728
26729
26735
26737
26737
26739
26750
26774
26778
26785
26799
26825
26828
26848
26856
26858
26863
26905
26907
26909
26912
26918
26929
26939
26943
26970
26989
26993
27001
27002
27003
27016
27021
27021
27026
27033
27033
27035
27044
27089
27100
27105
27118
27151
27171
27207
27220
27221
27224
27233
27242
27243
27243
27247
27250
27257
27259
27260
27272
27308
27316
27325
27335
27338
27342
27359
27399
27400
27412
27434
27444
27448
27453
27458
27487
27490
27495
27508
27517
27519
27524
27549
27556
27560
27560
27577
27595
27615
27638
27670
27693
27694
27713
27713
27730
27737
27753
27772
27775
27784
27795
27802
27816
27830
27831
27832
27845
27870
27876
27896
27901
27915
27922
27939
27955
27970
27975
27984
27986
27988
27991
27992
28003
28011
28023
28035
28056
28058
28058
28069
28076
28105
28111
28116
28119
28128
28150
28154
28178
28182
28203
28204
28227
28229
28243
28249
28263
28310
28316
28348
28353
28383
28391
28395
28398
28401
28402
28438
28470
28494
28502
28512
28516
28525
28542
28542
28545
28557
28566
28571
28575
28605
28667
28676
28680
28682
28697
28702
28710
28727
28739
28751
28752
28782
28784
28800
28804
28817
28834
28837
28845
28855
28855
28862
28863
28879
28901
28911
28934
28944
28956
28970
28975
28978
28981
28988
28998
29021
29031
29039
29050
29070
29074
29088
29091
29099
29113
29136
29137
29140
29150
29182
29192
29198
29210
29222
29235
29242
29245
29250
29252
29256
29260
29289
29297
29310
29311
29317
29319
29360
29367
29368
29378
29389
29393
29404
29404
29405
29414
29426
29428
29437
29443
29449
29450
29460
29471
29482
29507
29515
29531
29536
29536
29537
29549
29566
29567
29568
29571
29599
29617
29643
29649
29664
29672
29678
29697
29700
29702
29714
29715
29728
29734
29739
29768
29769
29773
29779
29797
29807
29815
29824
29844
29847
29848
29864
29875
29884
29909
29940
29949
29968
29980
29995
30008
30014
30015
30026
30030
30042
30046
30049
30057
30058
30078
30081
30092
30098
30106
30116
30127
30128
30136
30152
30168
30172
30191
30215
30225
30229
30231
30233
30242
30244
30278
30283
30305
30310
30311
30352
30354
30357
30376
30378
30385
30392
30393
30415
30423
30429
30436
30450
30452
30473
30478
30495
30504
30508
30518
30525
30531
30542
30560
30561
30569
30569
30570
30573
30581
30601
30609
30631
30632
30633
30637
30638
30638
30671
30693
30694
30717
30719
30719
30726
30743
30744
30749
30769
30779
30789
30793
30801
30844
30846
30864
30868
30873
30878
30882
30891
30917
30917
30922
30923
30927
30945
30950
30964
30979
30989
30999
31010
31018
31025
31048
31050
31052
31061
31081
31087
31092
31127
31131
31140
31141
31144
31158
31161
31162
31169
31177
31201
31208
31223
31243
31268
31274
31276
31280
31294
31311
31311
31322
31325
31328
31363
31371
31378
31388
31392
31398
31403
31413
31437
31450
31463
31517
31523
31530
31531
31562
31566
31570
31574
31586
31587
31587
31589
31601
31609
31611
31615
31619
31638
31641
31644
31666
31674
31694
31726
31729
31733
31740
31750
31752
31753
31764
31779
31783
31792
31805
31808
31827
31827
31865
31880
31880
31898
31900
31906
31916
31921
31927
31940
31940
31941
31948
31952
31960
31960
31961
31961
31970
31983
31997
32007
32013
32024
32026
32029
32039
32043
32045
32047
32065
32068
32081
32098
32103
32106
32116
32131
32132
32133
32133
32209
32217
32247
32249
32261
32261
32262
32268
32273
32294
32295
32309
32314
32321
32326
32331
32334
32345
32350
32354
32360
32364
32368
32392
32395
32398
32404
32420
32436
32449
32454
32459
32485
32486
32490
32532
32535
32551
32555
32564
32570
32576
32580
32585
32604
32605
32610
32647
32656
32667
32689
32689
32696
32723
32736
32766
32780
32783
32796
32801
32803
32806
32827
32845
32851
32856
32872
32876
32877
32883
32887
32888
32898
32902
32909
32923
32927
32927
32932
32943
32950
32959
32960
32969
32980
32984
32987
33003
33021
33033
33054
33056
33057
33069
33081
33097
33124
33134
33142
33143
33160
33161
33172
33185
33195
33195
33208
33218
33218
33222
33232
33238
33243
33274
33282
33292
33297
33297
33297
33301
33312
33320
33324
33337
33341
33374
33391
33407
33417
33439
33448
33453
33453
33458
33463
33479
33488
33517
33534
33540
33550
33553
33554
33574
33578
33586
33602
33610
33625
33635
33642
33656
33659
33660
33670
33675
33678
33684
33693
33724
33729
33731
33732
33740
33746
33765
33779
33800
33805
33808
33814
33820
33833
33833
33853
33868
33903
33915
33928
33953
33970
33984
33985
33991
34006
34011
34021
34059
34069
34079
34091
34096
34096
34097
34100
34105
34110
34112
34115
34116
34118
34122
34128
34130
34147
34156
34157
34157
34162
34165
34193
34196
34204
34213
34230
34240
34246
34265
34269
34286
34297
34308
34310
34311
34343
34346
34348
34354
34366
34392
34399
34413
34418
34419
34429
34437
34462
34474
34489
34495
34507
34520
34525
34540
34543
34545
34550
34563
34585
34589
34595
34638
34640
34641
34642
34654
34654
34663
34676
34685
34700
34707
34724
34730
34733
34740
34743
34750
34774
34779
34783
34786
34792
34792
34795
34803
34828
34839
34845
34851
34855
34864
34869
34873
34880
34884
34904
34908
34909
34926
34955
34958
34960
34963
34969
34978
34996
34996
34999
35004
35053
35054
35063
35066
35072
35108
35148
35165
35169
35171
35182
35200
35207
35216
35224
35236
35243
35243
35258
35261
35266
35273
35285
35321
35322
35329
35332
35348
35349
35358
35374
35396
35406
35411
35415
35419
35435
35435
35436
35441
35448
35455
35460
35463
35471
35501
35501
35510
35514
35521
35530
35556
35557
35560
35569
35569
35569
35578
35587
35587
35591
35600
35604
35604
35625
35626
35628
35634
35634
35655
35669
35675
35700
35713
35715
35728
35746
35752
35754
35766
35772
35776
35785
35785
35794
35801
35815
35815
35816
35826
35858
35865
35874
35880
35892
35901
35903
35917
35948
35956
35964
35968
35999
36003
36011
36020
36023
36027
36042
36046
36057
36067
36068
36078
36080
36104
36121
36143
36155
36160
36162
36184
36186
36195
36196
36202
36215
36226
36255
36263
36278
36283
36292
36292
36299
36306
36315
36318
36332
36335
36353
36380
36392
36395
36409
36429
36435
36438
36445
36453
36468
36470
36471
36475
36478
36481
36481
36512
36566
36568
36599
36602
36624
36625
36637
36663
36664
36665
36676
36686
36689
36694
36696
36738
36747
36753
36757
36761
36769
36772
36774
36774
36787
36798
36830
36840
36841
36860
36910
36927
36931
36947
36948
36950
36960
36970
36971
36980
36980
36985
37007
37010
37012
37018
37025
37026
37039
37043
37043
37048
37053
37062
37067
37072
37076
37100
37116
37121
37152
37176
37190
37210
37211
37213
37224
37239
37244
37251
37252
37253
37257
37258
37276
37281
37303
37304
37307
37310
37313
37316
37324
37353
37353
37354
37357
37364
37389
37407
37413
37418
37419
37425
37436
37439
37449
37467
37471
37474
37508
37511
37512
37513
37529
37534
37537
37541
37555
37572
37574
37599
37600
37609
37613
37617
37621
37631
37642
37645
37649
37652
37652
37662
37675
37695
37709
37710
37712
37727
37727
37738
37743
37745
37754
37757
37758
37761
37766
37772
37783
37783
37815
37819
37822
37825
37830
37841
37852
37857
37862
37863
37871
37880
37894
37896
37897
37902
37912
37936
37974
37982
37984
38010
38016
38021
38027
38044
38047
38050
38057
38070
38080
38086
38087
38094
38097
38109
38117
38119
38154
38169
38171
38172
38172
38192
38198
38199
38201
38211
38225
38239
38270
38272
38284
38298
38318
38323
38328
38339
38362
38382
38384
38394
38395
38418
38437
38456
38459
38465
38472
38480
38484
38491
38491
38497
38500
38508
38523
38523
38527
38531
38533
38534
38540
38554
38585
38589
38621
38623
38625
38648
38661
38663
38674
38674
38694
38706
38706
38711
38724
38729
38730
38787
38795
38798
38807
38829
38836
38843
38857
38863
38867
38868
38882
38884
38890
38925
38930
38941
38954
38979
38987
38988
38990
39000
39002
39016
39017
39054
39081
39083
39091
39109
39111
39138
39152
39156
39161
39173
39185
39198
39227
39231
39253
39264
39279
39293
39307
39311
39319
39323
39328
39330
39336
39340
39354
39356
39372
39383
39388
39396
39397
39399
39402
39409
39412
39425
39427
39437
39461
39462
39464
39473
39484
39491
39505
39512
39514
39522
39525
39532
39536
39542
39553
39561
39572
39577
39582
39583
39583
39584
39594
39608
39609
39621
39653
39697
39717
39720
39757
39766
39770
39793
39794
39797
39812
39815
39819
39821
39822
39834
39840
39850
39874
39874
39889
39899
39900
39905
39907
39908
39909
39932
39945
39948
39956
39962
39979
39990
40023
40030
40046
40047
40055
40060
40070
40083
40086
40089
40137
40137
40156
40168
40178
40185
40189
40194
40209
40210
40211
40228
40230
40232
40243
40244
40260
40272
40276
40281
40290
40298
40301
40301
40332
40359
40433
40442
40445
40448
40481
40483
40490
40495
40536
40540
40551
40579
40581
40596
40604
40605
40622
40639
40644
40698
40722
40724
40729
40774
40794
40803
40810
40812
40823
40828
40831
40856
40858
40858
40869
40875
40883
40891
40891
40892
40893
40899
40900
40905
40920
40950
40962
40978
40982
40983
40999
41008
41014
41019
41022
41032
41044
41052
41057
41095
41101
41102
41103
41115
41140
41151
41162
41164
41168
41180
41211
41228
41241
41247
41299
41319
41360
41376
41378
41387
41394
41401
41405
41413
41422
41462
41481
41487
41517
41534
41537
41541
41557
41562
41566
41572
41579
41581
41585
41593
41602
41602
41634
41666
41679
41681
41683
41692
41696
41700
41700
41704
41711
41716
41721
41727
41733
41745
41748
41765
41766
41777
41778
41787
41792
41809
41827
41838
41840
41847
41857
41864
41869
41874
41875
41908
41919
41927
41933
41998
42014
42021
42036
42041
42042
42079
42079
42123
42150
42170
42174
42182
42182
42184
42186
42200
42215
42233
42269
42271
42292
42334
42356
42365
42375
42394
42397
42415
42435
42442
42473
42491
42523
42526
42526
42556
42570
42573
42577
42594
42616
42639
42675
42678
42679
42699
42702
42708
42734
42743
42746
42748
42757
42769
42776
42777
42787
42791
42803
42819
42846
42870
42875
42897
42904
42913
42919
42939
42944
42960
42980
42986
42986
42990
43021
43024
43026
43031
43038
43041
43043
43056
43066
43067
43072
43091
43134
43135
43144
43164
43168
43180
43181
43194
43195
43213
43242
43268
43271
43279
43295
43296
43310
43317
43318
43333
43349
43363
43381
43386
43392
43429
43456
43469
43470
43474
43498
43518
43536
43537
43562
43565
43571
43589
43591
43598
43602
43606
43668
43671
43674
43677
43694
43716
43726
43736
43743
43745
43745
43748
43758
43759
43760
43770
43770
43770
43776
43780
43815
43819
43823
43828
43841
43871
43880
43899
43906
43910
43915
43942
43949
43952
43954
43954
43962
43969
43983
44011
44013
44015
44021
44030
44031
44043
44045
44058
44070
44072
44098
44105
44106
44110
44126
44135
44142
44149
44156
44162
44207
44248
44250
44260
44272
44310
44331
44334
44334
44336
44347
44348
44358
44371
44380
44400
44411
44411
44420
44420
44428
44430
44432
44433
44454
44470
44482
44489
44499
44513
44513
44519
44519
44530
44569
44583
44592
44594
44624
44639
44657
44657
44661
44664
44674
44684
44694
44699
44699
44716
44721
44733
44767
44771
44773
44811
44816
44846
44850
44858
44880
44886
44893
44918
44924
44930
44934
44936
44937
44952
44986
44989
44991
44992
44993
44997
45004
45045
45065
45067
45068
45080
45090
45105
45112
45114
45117
45119
45122
45135
45135
45141
45141
45154
45162
45164
45183
45191
45193
45195
45196
45213
45216
45225
45226
45233
45245
45247
45253
45254
45259
45260
45263
45267
45267
45271
45275
45279
45294
45305
45308
45335
45340
45347
45351
45351
45353
45360
45371
45374
45409
45415
45424
45435
45436
45438
45459
45464
45476
45481
45512
45519
45530
45536
45537
45555
45557
45561
45591
45605
45607
45619
45619
45636
45643
45666
45705
45713
45734
45744
45753
45754
45775
45784
45786
45799
45814
45816
45816
45832
45855
45857
45858
45871
45877
45878
45882
45892
45896
45900
45900
45904
45936
45939
45970
45981
45984
45987
45989
45994
46002
46023
46031
46041
46042
46052
46072
46075
46092
46110
46113
46117
46117
46132
46141
46142
46147
46151
46152
46159
46160
46166
46173
46241
46250
46258
46269
46273
46291
46304
46322
46323
46327
46339
46339
46340
46385
46386
46391
46399
46406
46415
46429
46453
46464
46466
46480
46488
46494
46502
46528
46536
46537
46544
46547
46548
46555
46563
46567
46576
46582
46590
46598
46609
46611
46614
46618
46621
46628
46629
46650
46651
46662
46679
46689
46694
46695
46707
46714
46735
46735
46750
46751
46768
46769
46774
46782
46792
46801
46803
46813
46816
46838
46839
46846
46865
46875
46877
46883
46912
46922
46935
46944
46946
46956
46958
46960
46971
47007
47015
47038
47069
47077
47077
47078
47078
47079
47091
47099
47105
47108
47124
47127
47128
47133
47133
47139
47200
47202
47214
47219
47219
47237
47239
47252
47262
47262
47265
47268
47281
47283
47284
47292
47294
47336
47346
47346
47371
47381
47384
47391
47395
47397
47417
47428
47465
47480
47487
47490
47500
47504
47512
47514
47515
47521
47529
47531
47539
47548
47558
47569
47573
47577
47580
47581
47595
47599
47622
47625
47631
47633
47635
47642
47642
47650
47670
47673
47705
47710
47710
47714
47723
47729
47748
47752
47764
47785
47795
47796
47796
47798
47804
47807
47812
47814
47825
47831
47838
47844
47851
47857
47874
47882
47883
47913
47914
47921
47922
47924
47925
47935
47949
47956
47973
47987
47987
47992
48014
48019
48019
48088
48100
48121
48130
48134
48137
48149
48151
48151
48170
48180
48190
48191
48193
48194
48198
48233
48239
48240
48247
48250
48250
48267
48279
48283
48315
48332
48340
48342
48359
48361
48368
48381
48388
48408
48415
48427
48441
48452
48454
48455
48465
48481
48493
48494
48497
48498
48499
48508
48509
48509
48537
48542
48558
48564
48575
48619
48624
48657
48663
48663
48675
48678
48687
48691
48708
48724
48732
48743
48743
48752
48758
48772
48774
48788
48812
48847
48853
48857
48859
48877
48903
48917
48924
48934
48949
48959
48963
48964
48982
48988
49024
49025
49044
49049
49055
49069
49076
49107
49114
49122
49142
49175
49177
49184
49192
49204
49206
49218
49224
49236
49243
49249
49250
49267
49267
49269
49271
49277
49296
49302
49307
49312
49318
49327
49330
49340
49342
49348
49375
49377
49386
49387
49391
49395
49400
49426
49428
49432
49432
49458
49462
49462
49464
49467
49471
49483
49501
49530
49547
49564
49565
49575
49590
49591
49592
49593
49594
49595
49602
49602
49610
49612
49622
49646
49654
49681
49683
49691
49695
49699
49709
49717
49746
49749
49755
49761
49775
49776
49777
49795
49801
49867
49877
49885
49889
49899
49918
49921
49946
49951
49952
49970
49997
50012
50025
50027
50032
50044
50053
50060
50076
50091
50103
50128
50128
50143
50147
50158
50174
50192
50194
50205
50210
50214
50218
50247
50248
50250
50251
50297
50341
50343
50348
50352
50354
50387
50390
50390
50393
50396
50402
50406
50418
50428
50428
50429
50431
50437
50464
50476
50494
50503
50504
50509
50546
50553
50562
50582
50597
50609
50622
50627
50635
50646
50646
50654
50689
50694
50732
50740
50751
50772
50772
50778
50783
50793
50794
50808
50829
50836
50836
50851
50856
50863
50907
50922
50948
50950
50956
50973
50974
50992
51006
51042
51058
51076
51107
51122
51123
51127
51160
51164
51165
51190
51204
51244
51245
51252
51265
51280
51284
51289
51294
51296
51297
51297
51322
51326
51335
51341
51343
51346
51361
51362
51366
51366
51382
51392
51411
51422
51425
51433
51443
51470
51481
51488
51533
51555
51571
51581
51589
51593
51598
51601
51617
51621
51654
51672
51675
51684
51703
51734
51737
51749
51749
51754
51763
51766
51785
51805
51820
51821
51822
51833
51846
51849
51885
51891
51900
51957
51976
51991
52001
52002
52065
52077
52089
52107
52110
52111
52120
52122
52133
52144
52144
52150
52151
52151
52154
52161
52162
52170
52183
52202
52205
52214
52250
52259
52265
52280
52294
52297
52316
52339
52341
52342
52350
52355
52356
52356
52383
52391
52395
52398
52403
52407
52417
52418
52423
52427
52442
52450
52470
52473
52489
52494
52497
52510
52514
52516
52530
52551
52558
52567
52577
52578
52592
52633
52637
52639
52664
52729
52743
52746
52749
52753
52756
52758
52764
52766
52773
52792
52793
52823
52824
52825
52854
52855
52858
52863
52908
52916
52959
52968
52971
52971
52985
52998
52999
53002
53019
53027
53034
53036
53045
53052
53071
53073
53074
53095
53096
53104
53106
53110
53110
53119
53132
53143
53150
53161
53170
53187
53203
53207
53215
53220
53237
53248
53272
53276
53276
53295
53296
53300
53311
53319
53325
53340
53350
53355
53363
53395
53410
53413
53421
53440
53440
53469
53473
53476
53481
53487
53498
53519
53524
53529
53568
53574
53577
53580
53584
53588
53590
53607
53607
53608
53614
53635
53645
53651
53667
53685
53686
53687
53689
53694
53700
53713
53716
53744
53762
53779
53789
53797
53805
53807
53815
53826
53843
53848
53856
53860
53865
53875
53877
53888
53895
53903
53918
53931
53931
53934
53950
53952
53953
53965
53968
54002
54008
54009
54011
54037
54043
54085
54089
54098
54103
54110
54125
54133
54135
54181
54202
54204
54229
54233
54237
54244
54244
54244
54263
54269
54284
54302
54312
54313
54336
54340
54343
54349
54354
54359
54395
54414
54420
54425
54450
54457
54479
54481
54484
54486
54489
54516
54537
54538
54541
54548
54556
54560
54573
54577
54587
54652
54657
54680
54698
54709
54719
54741
54758
54771
54775
54803
54806
54819
54847
54857
54875
54881
54882
54888
54889
54897
54900
54908
54921
54927
54956
54958
54986
54993
54997
55018
55024
55047
55064
55098
55102
55108
55121
55132
55148
55165
55171
55179
55186
55193
55194
55216
55227
55279
55286
55291
55323
55330
55332
55338
55341
55360
55376
55378
55383
55394
55395
55404
55405
55406
55430
55440
55448
55463
55501
55502
55507
55517
55548
55553
55596
55606
55607
55611
55618
55632
55634
55668
55668
55672
55687
55689
55693
55702
55703
55718
55727
55736
55739
55744
55746
55761
55765
55781
55794
55798
55819
55830
55837
55839
55862
55866
55893
55921
55929
55930
55935
55939
55942
55948
55963
55983
55987
55988
56023
56023
56024
56033
56040
56048
56050
56072
56079
56095
56103
56122
56126
56136
56142
56150
56168
56182
56184
56187
56202
56215
56219
56247
56254
56275
56289
56304
56314
56314
56316
56332
56335
56342
56344
56352
56361
56364
56380
56382
56402
56405
56409
56413
56419
56426
56444
56472
56475
56477
56481
56488
56490
56496
56497
56508
56519
56563
56566
56610
56617
56622
56631
56637
56665
56669
56669
56669
56674
56679
56706
56710
56711
56731
56749
56752
56754
56782
56789
56795
56803
56811
56828
56837
56845
56846
56848
56848
56853
56853
56865
56870
56872
56872
56873
56898
56907
56954
56954
56963
56969
56972
56991
57030
57068
57070
57075
57080
57093
57101
57114
57161
57184
57197
57205
57234
57241
57274
57276
57276
57295
57297
57297
57304
57309
57348
57350
57357
57359
57362
57366
57375
57375
57378
57381
57422
57437
57446
57463
57508
57522
57546
57567
57570
57585
57615
57629
57634
57635
57645
57656
57657
57662
57671
57679
57689
57703
57714
57716
57726
57732
57735
57741
57750
57758
57760
57768
57790
57808
57848
57848
57854
57861
57915
57916
57931
57933
57944
57957
57969
57974
57978
57988
57990
58007
58059
58060
58061
58062
58078
58081
58090
58108
58119
58124
58126
58128
58142
58151
58160
58163
58183
58188
58191
58194
58195
58212
58234
58243
58244
58249
58261
58289
58292
58342
58346
58346
58355
58364
58367
58375
58404
58438
58443
58445
58459
58460
58461
58462
58474
58474
58502
58509
58560
58570
58574
58582
58589
58633
58634
58637
58667
58686
58698
58698
58708
58709
58715
58727
58728
58735
58752
58757
58762
58780
58786
58794
58796
58802
58805
58818
58851
58853
58861
58872
58889
58892
58893
58898
58921
58952
58954
58963
58964
58966
58982
58988
58991
59001
59009
59011
59017
59024
59033
59039
59047
59048
59063
59094
59096
59115
59131
59131
59135
59145
59161
59161
59175
59175
59180
59190
59238
59238
59242
59259
59282
59283
59295
59313
59341
59357
59367
59391
59396
59396
59413
59417
59434
59444
59460
59462
59466
59487
59505
59525
59534
59546
59583
59593
59598
59602
59605
59606
59609
59613
59614
59619
59626
59633
59648
59660
59661
59668
59688
59691
59693
59695
59701
59702
59739
59751
59754
59781
59788
59795
59805
59825
59850
59856
59862
59872
59872
59887
59903
59905
59921
59938
59941
59943
59947
59958
59970
59976
59982
59991
59997
60013
60038
60040
60041
60063
60066
60079
60080
60098
60114
60131
60134
60169
60174
60185
60194
60203
60211
60229
60229
60253
60302
60327
60369
60369
60375
60377
60388
60409
60413
60421
60427
60451
60458
60460
60460
60462
60464
60481
60511
60531
60532
60545
60552
60554
60560
60573
60599
60605
60606
60618
60625
60639
60648
60654
60679
60679
60690
60694
60715
60735
60749
60756
60770
60777
60786
60788
60791
60802
60817
60827
60827
60828
60829
60837
60845
60854
60864
60868
60868
60875
60892
60893
60897
60911
60915
60932
60938
60966
60978
60992
60994
61025
61028
61032
61033
61036
61042
61043
61044
61049
61050
61055
61066
61072
61088
61105
61112
61118
61137
61143
61146
61148
61158
61182
61185
61198
61201
61203
61210
61210
61223
61241
61248
61284
61297
61304
61307
61318
61319
61320
61321
61325
61332
61369
61379
61380
61385
61389
61390
61393
61401
61409
61414
61421
61444
61462
61466
61470
61479
61483
61483
61491
61493
61493
61499
61515
61518
61530
61536
61538
61540
61549
61598
61613
61621
61635
61654
61680
61703
61713
61726
61726
61730
61770
61771
61792
61814
61826
61828
61835
61843
61890
61896
61902
61909
61917
61918
61920
61924
61931
61940
61969
61969
61970
61970
61993
62011
62013
62018
62018
62023
62047
62062
62071
62073
62082
62094
62095
62104
62111
62118
62125
62129
62141
62149
62153
62156
62160
62170
62203
62213
62221
62250
62263
62281
62311
62315
62320
62342
62353
62379
62381
62390
62391
62418
62440
62445
62455
62462
62487
62511
62513
62517
62518
62519
62525
62549
62563
62565
62570
62587
62591
62591
62596
62618
62636
62646
62679
62681
62705
62715
62741
62746
62759
62767
62772
62785
62792
62798
62819
62832
62850
62852
62853
62864
62866
62867
62877
62883
62892
62896
62899
62904
62906
62942
62947
62949
62953
62955
62955
62957
62961
63029
63030
63034
63052
63058
63058
63062
63064
63070
63073
63079
63094
63104
63110
63112
63120
63128
63131
63133
63134
63151
63158
63167
63194
63197
63205
63208
63209
63214
63219
63225
63245
63263
63266
63284
63285
63288
63292
63317
63321
63324
63326
63332
63374
63374
63381
63408
63416
63429
63431
63439
63446
63446
63462
63491
63497
63503
63531
63542
63551
63572
63590
63592
63604
63604
63622
63627
63661
63678
63685
63710
63710
63716
63740
63768
63792
63798
63832
63841
63844
63872
63884
63907
63912
63936
63939
63939
63940
63941
63949
63954
63956
63958
63968
63972
64009
64023
64048
64070
64074
64093
64120
64128
64130
64147
64154
64178
64192
64204
64212
64212
64216
64219
64226
64231
64240
64275
64280
64284
64295
64301
64316
64317
64317
64330
64351
64359
64381
64386
64394
64405
64433
64439
64439
64450
64459
64479
64502
64505
64506
64509
64514
64523
64545
64548
64550
64553
64559
64563
64574
64581
64584
64588
64595
64612
64639
64643
64659
64660
64660
64695
64702
64713
64722
64728
64734
64757
64758
64759
64760
64770
64781
64784
64788
64795
64805
64832
64844
64890
64900
64901
64939
64950
64954
64973
65016
65026
65051
65061
65071
65072
65075
65081
65086
65118
65125
65135
65139
65149
65157
65163
65164
65183
65189
65202
65256
65257
65262
65269
65308
65323
65337
65339
65354
65359
65364
65377
65381
65406
65409
65414
65417
65424
65428
65446
65451
65475
65481
65491
65498
65512
65539
65556
65583
65592
65619
65623
65630
65650
65662
65676
65679
65681
65687
65688
65722
65735
65756
65757
65759
65763
65786
65806
65853
65857
65860
65890
65895
65907
65910
65910
65912
65932
65934
65936
65939
65983
65988
66009
66011
66029
66030
66038
66038
66048
66061
66061
66089
66096
66102
66116
66120
66132
66153
66165
66169
66174
66193
66208
66227
66243
66252
66268
66272
66272
66273
66283
66287
66290
66291
66319
66337
66343
66353
66359
66371
66375
66382
66392
66398
66425
66431
66438
66444
66457
66461
66485
66485
66499
66518
66528
66531
66573
66581
66585
66589
66601
66602
66606
66610
66610
66623
66627
66641
66648
66692
66706
66709
66725
66731
66736
66738
66748
66763
66783
66800
66800
66805
66808
66821
66827
66828
66836
66861
66870
66879
66880
66883
66887
66888
66909
66909
66911
66937
66940
66941
66962
66967
66969
66973
66973
66980
66992
67000
67002
67019
67022
67038
67038
67047
67053
67054
67060
67071
67076
67082
67095
67114
67128
67132
67146
67148
67164
67164
67178
67188
67190
67192
67222
67223
67227
67234
67243
67254
67256
67279
67286
67296
67325
67332
67340
67349
67355
67362
67379
67381
67383
67410
67419
67425
67429
67435
67435
67444
67458
67461
67473
67476
67477
67477
67479
67487
67489
67501
67508
67508
67511
67516
67523
67524
67526
67526
67532
67537
67543
67546
67550
67558
67563
67576
67582
67594
67609
67622
67635
67661
67662
67688
67692
67697
67728
67732
67736
67739
67741
67742
67743
67798
67813
67815
67820
67831
67841
67846
67851
67860
67861
67877
67888
67902
67940
67943
67943
67953
67966
67967
67976
67976
67985
67992
67994
68021
68029
68031
68034
68047
68049
68074
68086
68096
68098
68106
68110
68122
68129
68144
68149
68158
68167
68168
68171
68183
68201
68218
68234
68249
68257
68270
68271
68272
68281
68286
68292
68295
68311
68314
68314
68315
68316
68318
68321
68346
68347
68364
68389
68392
68393
68393
68403
68418
68423
68439
68441
68445
68456
68511
68517
68552
68572
68575
68579
68581
68586
68593
68607
68609
68612
68628
68656
68658
68680
68700
68707
68720
68739
68751
68779
68784
68801
68802
68805
68812
68817
68820
68850
68860
68861
68886
68917
68941
68957
68960
68960
68984
69027
69044
69047
69063
69066
69114
69140
69143
69152
69154
69187
69213
69248
69248
69262
69268
69292
69300
69303
69320
69322
69329
69352
69353
69360
69366
69379
69383
69390
69393
69405
69427
69433
69436
69445
69458
69468
69476
69478
69491
69512
69531
69547
69575
69583
69591
69605
69644
69660
69668
69673
69675
69685
69685
69729
69731
69751
69757
69760
69777
69780
69788
69806
69811
69814
69839
69843
69844
69867
69870
69890
69929
69930
69935
69961
69974
69993
69999
70010
70030
70041
70044
70063
70071
70080
70088
70109
70114
70116
70118
70126
70128
70151
70158
70164
70167
70168
70179
70203
70208
70215
70241
70261
70268
70283
70288
70296
70306
70323
70328
70343
70353
70377
70383
70394
70394
70414
70418
70427
70448
70508
70519
70520
70522
70531
70531
70544
70559
70561
70576
70585
70587
70593
70610
70618
70619
70621
70627
70656
70663
70668
70671
70676
70686
70688
70705
70709
70716
70756
70756
70758
70766
70767
70770
70797
70813
70818
70837
70838
70845
70851
70892
70908
70941
70953
70953
70975
70976
70991
71010
71016
71031
71036
71059
71068
71074
71082
71098
71098
71106
71117
71119
71124
71127
71128
71133
71144
71167
71168
71170
71179
71190
71202
71207
71211
71220
71220
71220
71227
71228
71231
71250
71251
71273
71275
71289
71289
71319
71352
71358
71362
71406
71450
71450
71469
71474
71481
71484
71499
71501
71520
71521
71521
71543
71557
71572
71587
71595
71629
71630
71641
71641
71649
71658
71678
71679
71699
71706
71708
71723
71727
71729
71731
71735
71740
71741
71748
71756
71760
71763
71765
71775
71782
71782
71788
71797
71813
71822
71827
71829
71832
71842
71848
71857
71861
71878
71883
71894
71895
71913
71920
71923
71929
71942
71948
71998
71999
72003
72006
72009
72046
72057
72060
72073
72075
72098
72113
72117
72138
72141
72142
72154
72173
72196
72207
72212
72232
72240
72244
72253
72260
72271
72290
72307
72308
72329
72334
72344
72348
72352
72353
72371
72372
72382
72384
72390
72413
72419
72431
72448
72460
72462
72464
72467
72479
72497
72503
72510
72521
72525
72526
72530
72542
72545
72550
72563
72564
72596
72634
72646
72654
72661
72670
72681
72690
72692
72697
72703
72708
72710
72710
72727
72733
72736
72746
72753
72753
72754
72760
72777
72793
72798
72824
72826
72828
72839
72840
72847
72867
72877
72882
72891
72897
72915
72945
72976
72998
73005
73008
73021
73022
73042
73054
73062
73065
73087
73093
73095
73098
73113
73117
73121
73137
73154
73156
73182
73193
73193
73195
73201
73204
73213
73221
73245
73249
73275
73276
73276
73283
73298
73302
73302
73320
73327
73337
73356
73366
73369
73393
73399
73405
73414
73424
73437
73443
73466
73467
73475
73476
73486
73494
73514
73538
73553
73569
73588
73594
73602
73604
73606
73613
73613
73614
73626
73629
73643
73652
73655
73674
73674
73688
73690
73701
73706
73710
73714
73727
73739
73744
73765
73766
73774
73799
73812
73817
73835
73837
73855
73870
73877
73877
73890
73895
73895
73902
73903
73918
73942
73945
73956
73961
73972
73973
73975
73980
73983
73986
73992
74007
74010
74014
74024
74025
74028
74034
74049
74077
74081
74083
74084
74090
74091
74100
74104
74116
74120
74121
74132
74134
74138
74139
74149
74153
74158
74164
74172
74186
74186
74187
74206
74210
74235
74248
74255
74257
74269
74273
74279
74296
74316
74327
74341
74382
74409
74416
74431
74441
74450
74453
74468
74481
74493
74498
74499
74501
74503
74516
74542
74546
74553
74560
74561
74568
74598
74608
74624
74630
74631
74635
74649
74649
74656
74663
74673
74682
74706
74713
74719
74720
74722
74728
74730
74748
74786
74804
74837
74849
74853
74875
74888
74889
74905
74905
74925
74940
74946
74950
74955
74962
74967
74984
74986
74986
74994
75016
75041
75072
75074
75083
75096
75110
75125
75134
75145
75151
75151
75176
75187
75193
75196
75196
75212
75221
75229
75241
75244
75255
75266
75271
75277
75293
75302
75304
75311
75315
75317
75322
75345
75365
75373
75395
75397
75398
75401
75436
75445
75485
75489
75497
75538
75538
75542
75550
75554
75558
75563
75573
75575
75575
75582
75589
75594
75609
75610
75646
75648
75657
75665
75667
75671
75675
75689
75692
75697
75713
75715
75741
75749
75761
75786
75797
75818
75826
75847
75861
75861
75862
75867
75869
75875
75887
75899
75901
75918
75923
75937
75942
75944
75957
75981
75984
76015
76032
76039
76042
76058
76059
76070
76115
76130
76135
76141
76143
76152
76152
76159
76180
76195
76204
76222
76225
76227
76237
76247
76251
76259
76264
76270
76276
76279
76282
76298
76311
76330
76337
76348
76365
76368
76371
76396
76409
76433
76459
76477
76484
76485
76493
76507
76516
76517
76526
76531
76534
76534
76544
76547
76556
76561
76569
76571
76587
76602
76645
76646
76665
76676
76681
76688
76692
76708
76723
76735
76741
76747
76750
76765
76771
76773
76775
76778
76782
76790
76793
76805
76811
76812
76813
76831
76860
76868
76870
76878
76880
76884
76900
76913
76936
76969
76978
77002
77007
77014
77025
77034
77039
77042
77047
77066
77094
77096
77097
77107
77127
77139
77149
77150
77155
77193
77208
77210
77226
77236
77248
77249
77256
77283
77285
77291
77308
77313
77314
77318
77322
77326
77351
77351
77388
77393
77394
77396
77402
77409
77410
77426
77446
77447
77465
77467
77487
77496
77507
77517
77519
77536
77549
77580
77609
77612
77612
77631
77632
77647
77652
77658
77668
77672
77685
77690
77697
77722
77731
77738
77756
77794
77797
77813
77822
77823
77829
77856
77891
77898
77906
77906
77914
77916
77922
77928
77930
77936
77942
77955
77966
77983
77989
77990
77998
78005
78010
78022
78032
78041
78055
78078
78083
78096
78105
78110
78112
78117
78125
78129
78129
78132
78149
78149
78151
78160
78197
78208
78214
78215
78229
78255
78268
78272
78283
78289
78325
78340
78347
78347
78351
78359
78361
78371
78372
78373
78375
78386
78387
78405
78414
78431
78433
78465
78501
78507
78532
78535
78545
78571
78584
78589
78594
78596
78610
78614
78615
78629
78630
78632
78646
78648
78651
78665
78692
78702
78717
78719
78720
78742
78746
78747
78750
78755
78759
78769
78798
78798
78809
78813
78830
78832
78835
78875
78900
78914
78915
78922
78926
78949
78961
78975
78985
78986
78989
79001
79020
79026
79027
79031
79047
79066
79072
79074
79077
79078
79084
79086
79091
79093
79104
79116
79121
79131
79141
79145
79160
79172
79181
79241
79283
79293
79297
79307
79321
79326
79336
79365
79366
79367
79369
79380
79397
79400
79428
79430
79432
79442
79458
79463
79466
79477
79484
79499
79506
79514
79529
79543
79569
79585
79610
79610
79629
79641
79669
79684
79687
79698
79704
79705
79740
79740
79741
79761
79763
79775
79781
79785
79795
79804
79808
79829
79833
79833
79839
79850
79862
79877
79897
79910
79937
79937
79951
79952
79952
79955
79963
79967
79973
79983
79985
79995
80010
80013
80021
80021
80044
80047
80060
80062
80063
80083
80086
80087
80094
80101
80113
80124
80127
80136
80141
80151
80154
80168
80171
80189
80191
80221
80230
80245
80256
80279
80295
80295
80303
80307
80308
80345
80353
80354
80356
80359
80391
80403
80427
80437
80444
80444
80446
80450
80466
80523
80534
80544
80567
80574
80594
80612
80627
80634
80665
80678
80686
80690
80702
80715
80724
80787
80788
80791
80805
80805
80814
80854
80865
80866
80877
80878
80880
80902
80906
80907
80907
80917
80934
80941
80947
80950
80950
80959
80964
80978
80979
80986
80993
80995
81015
81016
81021
81051
81054
81062
81065
81093
81094
81096
81100
81101
81116
81118
81132
81169
81182
81201
81209
81212
81212
81217
81226
81249
81261
81262
81275
81275
81280
81289
81295
81310
81311
81313
81316
81317
81321
81330
81337
81346
81347
81353
81358
81361
81377
81378
81387
81422
81434
81445
81449
81456
81459
81462
81475
81477
81482
81484
81490
81491
81505
81520
81525
81537
81538
81549
81559
81563
81564
81564
81566
81567
81577
81589
81598
81611
81625
81630
81662
81663
81663
81668
81685
81688
81694
81694
81695
81696
81701
81706
81755
81756
81757
81764
81770
81773
81777
81785
81786
81805
81805
81811
81815
81822
81826
81838
81858
81872
81889
81903
81910
81927
81953
81966
81975
81980
81985
81992
81995
82005
82029
82052
82062
82075
82081
82103
82106
82116
82126
82134
82134
82142
82147
82148
82160
82166
82198
82199
82208
82209
82213
82214
82218
82241
82263
82263
82263
82264
82279
82294
82305
82321
82324
82340
82368
82374
82398
82402
82404
82413
82414
82430
82454
82466
82471
82475
82482
82486
82495
82516
82523
82526
82530
82535
82536
82536
82550
82551
82560
82566
82578
82582
82588
82588
82595
82607
82612
82618
82638
82638
82642
82642
82648
82649
82679
82687
82687
82706
82710
82713
82716
82726
82741
82741
82748
82780
82786
82790
82796
82796
82797
82804
82819
82821
82834
82835
82844
82848
82852
82858
82873
82886
82947
82957
82959
82969
82972
82978
83016
83023
83035
83053
83059
83068
83069
83080
83097
83106
83122
83129
83130
83142
83145
83152
83155
83198
83204
83209
83212
83253
83257
83265
83266
83269
83275
83276
83287
83288
83305
83310
83317
83321
83335
83338
83340
83342
83344
83352
83356
83361
83364
83365
83373
83391
83399
83420
83443
83446
83463
83468
83485
83486
83517
83521
83540
83551
83554
83564
83565
83570
83576
83583
83584
83605
83619
83648
83669
83672
83681
83682
83699
83703
83720
83722
83730
83756
83764
83806
83835
83835
83848
83872
83897
83909
83922
83945
83945
83947
83949
83950
83962
83981
84002
84010
84027
84057
84067
84068
84070
84075
84082
84099
84107
84113
84113
84141
84148
84150
84185
84187
84198
84201
84245
84251
84277
84281
84288
84300
84309
84310
84328
84334
84342
84361
84368
84374
84387
84392
84399
84417
84435
84441
84449
84454
84476
84484
84485
84488
84494
84497
84501
84503
84505
84520
84523
84541
84557
84592
84594
84596
84608
84629
84668
84680
84687
84697
84700
84742
84743
84764
84764
84764
84766
84771
84773
84779
84797
84804
84804
84827
84833
84840
84846
84846
84866
84886
84886
84889
84889
84897
84920
84923
84930
84933
84937
84953
84969
84979
85011
85016
85027
85051
85057
85070
85076
85079
85081
85086
85092
85112
85126
85132
85138
85144
85151
85157
85158
85163
85165
85168
85169
85169
85184
85185
85189
85194
85194
85195
85196
85198
85207
85213
85224
85226
85228
85229
85230
85241
85247
85262
85267
85268
85279
85321
85330
85330
85339
85340
85353
85365
85366
85375
85396
85400
85420
85480
85481
85497
85504
85510
85515
85520
85528
85529
85535
85535
85537
85539
85540
85548
85582
85590
85599
85603
85605
85610
85614
85618
85629
85633
85640
85642
85644
85649
85658
85659
85662
85663
85675
85684
85687
85700
85728
85738
85743
85752
85767
85778
85789
85808
85810
85810
85819
85840
85841
85844
85846
85849
85860
85864
85866
85878
85885
85886
85890
85892
85904
85910
85911
85913
85924
85931
85943
85960
85961
85963
85967
85972
85973
85985
85997
86000
86001
86006
86015
86019
86030
86031
86048
86053
86058
86060
86069
86078
86091
86094
86120
86125
86139
86175
86178
86185
86185
86187
86214
86217
86222
86239
86241
86265
86267
86277
86287
86290
86297
86301
86304
86304
86306
86308
86309
86350
86361
86386
86387
86390
86395
86402
86402
86406
86407
86413
86414
86419
86427
86430
86433
86447
86456
86458
86484
86504
86532
86537
86581
86604
86607
86623
86636
86645
86646
86650
86654
86657
86691
86701
86705
86708
86722
86746
86753
86774
86795
86804
86804
86827
86839
86840
86846
86850
86867
86874
86875
86875
86897
86898
86901
86905
86923
86932
86949
86950
86961
86962
86974
86981
86981
86981
86987
86998
87004
87012
87023
87032
87036
87042
87047
87047
87065
87069
87078
87078
87086
87094
87102
87106
87111
87146
87158
87168
87174
87178
87221
87226
87229
87245
87250
87253
87264
87317
87325
87325
87334
87346
87369
87382
87385
87385
87387
87391
87398
87398
87406
87412
87428
87428
87429
87431
87433
87436
87460
87500
87509
87515
87517
87564
87578
87592
87595
87609
87647
87702
87711
87714
87724
87738
87742
87745
87747
87756
87771
87779
87783
87790
87810
87811
87818
87858
87876
87877
87887
87888
87913
87936
87955
87959
87977
87982
87982
87992
88006
88012
88019
88019
88027
88041
88073
88076
88078
88093
88125
88136
88167
88172
88181
88195
88196
88204
88228
88243
88253
88272
88280
88290
88290
88291
88300
88303
88317
88325
88363
88372
88382
88383
88394
88417
88430
88439
88439
88453
88453
88477
88501
88514
88532
88593
88594
88613
88624
88636
88649
88654
88658
88672
88706
88730
88749
88757
88766
88770
88776
88778
88790
88792
88793
88793
88796
88824
88832
88852
88855
88859
88860
88872
88876
88878
88894
88908
88913
88922
88926
88940
88942
88969
88988
89014
89028
89045
89092
89100
89103
89119
89127
89134
89143
89155
89168
89186
89189
89195
89200
89202
89208
89226
89239
89241
89248
89273
89274
89275
89277
89282
89285
89285
89298
89304
89307
89315
89327
89337
89344
89369
89372
89385
89389
89392
89405
89423
89454
89486
89493
89499
89516
89523
89535
89549
89556
89564
89565
89574
89581
89583
89584
89585
89598
89599
89620
89622
89624
89636
89655
89659
89668
89668
89669
89708
89709
89715
89719
89729
89732
89738
89762
89790
89793
89804
89815
89816
89832
89841
89848
89848
89856
89857
89889
89910
89919
89920
89926
89929
89939
89941
89950
89950
89952
89957
89958
89963
89974
89976
89990
89994
90004
90006
90018
90034
90084
90085
90085
90094
90096
90114
90124
90129
90155
90174
90174
90175
90176
90181
90189
90207
90209
90220
90221
90240
90240
90246
90247
90247
90263
90266
90270
90286
90293
90308
90320
90326
90330
90331
90343
90348
90370
90371
90391
90395
90430
90439
90471
90477
90481
90484
90493
90525
90530
90544
90557
90563
90571
90584
90611
90613
90642
90658
90661
90661
90684
90695
90719
90722
90730
90740
90745
90748
90748
90750
90767
90782
90783
90798
90799
90806
90831
90841
90844
90848
90850
90858
90864
90866
90874
90890
90895
90913
90914
90933
90947
90949
90953
90975
90978
90999
91009
91027
91066
91075
91077
91102
91109
91122
91125
91155
91166
91171
91173
91182
91190
91195
91204
91220
91222
91223
91229
91241
91242
91263
91269
91310
91323
91353
91364
91380
91384
91388
91437
91442
91443
91445
91448
91453
91454
91458
91458
91462
91473
91475
91482
91483
91498
91505
91506
91512
91518
91522
91524
91540
91560
91568
91582
91591
91594
91606
91611
91617
91644
91657
91678
91681
91687
91689
91690
91717
91721
91722
91723
91729
91736
91738
91742
91746
91755
91759
91766
91776
91781
91784
91811
91813
91823
91823
91842
91845
91862
91889
91893
91900
91917
91926
91928
91933
91956
91964
91969
91970
91971
91987
92000
92010
92011
92035
92044
92045
92048
92051
92059
92061
92061
92093
92103
92104
92112
92142
92148
92156
92157
92162
92164
92165
92180
92216
92224
92225
92241
92243
92254
92259
92284
92292
92296
92300
92335
92350
92351
92362
92363
92373
92376
92393
92400
92408
92410
92412
92412
92425
92429
92438
92442
92443
92450
92450
92459
92467
92470
92488
92494
92501
92510
92520
92545
92557
92581
92584
92595
92599
92599
92605
92606
92619
92621
92647
92655
92662
92672
92682
92686
92686
92693
92695
92699
92717
92726
92749
92749
92756
92758
92763
92771
92819
92887
92894
92900
92905
92922
92925
92930
92939
92940
92945
92975
92978
92985
92989
92992
92999
93010
93015
93016
93028
93041
93050
93055
93072
93073
93073
93090
93090
93109
93112
93118
93126
93127
93128
93134
93165
93180
93182
93189
93202
93203
93212
93229
93249
93264
93291
93327
93363
93368
93369
93371
93375
93378
93385
93386
93393
93395
93411
93427
93428
93439
93441
93450
93454
93458
93468
93473
93484
93491
93500
93503
93512
93519
93546
93546
93558
93560
93560
93578
93591
93591
93592
93599
93615
93630
93632
93644
93678
93697
93700
93703
93707
93721
93740
93743
93745
93761
93762
93762
93782
93800
93818
93821
93823
93835
93846
93848
93853
93864
93889
93890
93892
93906
93912
93934
93950
93957
93967
93975
93983
93985
94011
94011
94012
94049
94058
94060
94079
94088
94095
94097
94101
94102
94102
94103
94109
94127
94139
94168
94172
94175
94204
94212
94214
94221
94233
94235
94236
94259
94264
94265
94270
94279
94281
94300
94303
94307
94308
94324
94324
94344
94352
94376
94422
94431
94464
94478
94484
94488
94513
94514
94518
94519
94533
94546
94548
94550
94554
94571
94583
94594
94595
94610
94611
94614
94619
94638
94649
94651
94669
94685
94686
94694
94702
94722
94748
94749
94785
94788
94817
94835
94838
94840
94850
94851
94861
94867
94869
94885
94900
94905
94906
94911
94919
94921
94951
94964
94965
94978
95001
95013
95014
95022
95052
95054
95057
95081
95096
95136
95137
95147
95163
95182
95189
95194
95197
95205
95212
95217
95224
95230
95253
95275
95276
95282
95304
95305
95316
95317
95318
95330
95359
95377
95393
95393
95402
95406
95416
95418
95435
95452
95457
95478
95481
95481
95483
95495
95495
95507
95520
95522
95524
95525
95540
95557
95587
95592
95594
95598
95601
95602
95607
95621
95626
95639
95639
95640
95646
95658
95663
95664
95683
95684
95685
95685
95687
95687
95693
95697
95710
95716
95728
95729
95739
95741
95767
95780
95795
95805
95812
95813
95829
95837
95841
95862
95868
95876
95876
95877
95883
95900
95910
95913
95928
95959
95965
95972
95973
95973
95982
95983
95999
96015
96017
96019
96036
96069
96078
96080
96082
96091
96094
96096
96096
96102
96132
96132
96133
96138
96140
96149
96151
96151
96156
96159
96161
96176
96199
96202
96208
96214
96220
96223
96224
96232
96240
96244
96245
96269
96281
96319
96328
96337
96339
96354
96364
96369
96377
96383
96383
96394
96407
96409
96412
96419
96422
96423
96436
96438
96438
96445
96458
96462
96464
96476
96512
96513
96518
96559
96574
96574
96577
96579
96582
96616
96618
96633
96641
96651
96665
96669
96677
96702
96703
96705
96719
96756
96763
96771
96785
96787
96790
96809
96830
96835
96841
96842
96855
96858
96870
96871
96890
96892
96895
96908
96909
96913
96922
96932
96967
96968
96970
96973
96987
96997
96999
97006
97012
97012
97020
97032
97042
97082
97084
97090
97101
97104
97106
97109
97122
97125
97131
97132
97133
97138
97140
97169
97169
97170
97170
97170
97179
97181
97181
97189
97195
97212
97213
97221
97225
97235
97267
97298
97301
97304
97345
97354
97360
97391
97392
97416
97423
97424
97432
97447
97449
97480
97490
97506
97526
97547
97548
97549
97568
97570
97575
97590
97591
97595
97601
97604
97615
97626
97628
97652
97654
97658
97663
97684
97691
97705
97719
97725
97728
97766
97772
97786
97802
97810
97816
97822
97824
97848
97851
97863
97868
97874
97892
97899
97902
97912
97917
97925
97931
97947
97961
97971
97985
97991
98001
98018
98021
98042
98051
98053
98063
98064
98067
98084
98086
98089
98090
98096
98102
98108
98111
98113
98137
98154
98160
98162
98166
98176
98194
98198
98211
98217
98219
98236
98238
98252
98257
98272
98285
98294
98300
98307
98308
98313
98317
98339
98345
98348
98356
98370
98390
98408
98421
98428
98432
98444
98447
98457
98460
98479
98484
98503
98505
98508
98521
98524
98528
98528
98547
98552
98562
98572
98572
98595
98597
98600
98620
98621
98635
98636
98657
98676
98693
98704
98751
98768
98770
98786
98805
98808
98827
98831
98837
98838
98839
98879
98891
98892
98912
98926
98933
98947
98948
98950
98952
98966
98992
98995
99005
99007
99014
99018
99040
99048
99071
99071
99080
99092
99097
99098
99098
99154
99178
99181
99184
99190
99192
99197
99198
99219
99220
99233
99260
99261
99268
99288
99305
99319
99326
99336
99353
99355
99370
99379
99388
99394
99419
99430
99434
99447
99483
99491
99494
99506
99506
99532
99534
99540
99541
99544
99558
99564
99565
99578
99598
99614
99616
99619
99639
99641
99642
99644
99645
99646
99647
99679
99682
99688
99711
99735
99746
99756
99765
99780
99791
99792
99804
99808
99813
99823
99825
99834
99839
99842
99853
99855
99863
99868
99869
99888
99893
99896
99905
99937
99938
99948
99961
99966
99977
99982
99990
100000
