5
12
14
43
78
78
109
110
118
125
137
152
159
162
174
188
192
207
215
236
239
244
249
252
283
285
308
308
315
322
326
338
342
353
363
378
385
391
410
419
421
424
428
451
458
472
475
482
506
510
521
527
529
552
571
584
592
604
624
632
635
643
643
656
658
660
689
689
725
727
730
732
740
744
747
755
756
757
776
799
810
813
821
822
829
833
834
837
848
863
880
897
910
920
938
940
948
955
957
958
963
965
1011
1011
1016
1044
1050
1050
1061
1064
1066
1086
1087
1088
1092
1116
1135
1136
1148
1153
1154
1209
1214
1218
1251
1255
1263
1268
1269
1283
1295
1305
1305
1305
1309
1311
1316
1319
1337
1367
1381
1388
1389
1398
1418
1422
1428
1444
1456
1467
1472
1477
1477
1478
1502
1509
1516
1525
1549
1551
1572
1577
1585
1621
1637
1640
1650
1666
1685
1702
1703
1715
1716
1719
1729
1766
1774
1774
1775
1780
1785
1808
1816
1828
1835
1842
1860
1883
1917
1920
1926
1942
1954
1954
1985
1985
1993
1993
1998
2006
2008
2010
2014
2034
2045
2053
2057
2080
2080
2084
2096
2097
2118
2126
2139
2139
2145
2164
2168
2174
2189
2193
2198
2202
2214
2217
2230
2237
2240
2248
2248
2251
2281
2283
2309
2315
2317
2329
2329
2330
2332
2334
2348
2357
2389
2393
2394
2408
2426
2429
2451
2464
2482
2505
2508
2508
2518
2524
2556
2577
2584
2603
2607
2613
2617
2625
2635
2638
2639
2640
2654
2655
2683
2683
2690
2697
2711
2730
2730
2736
2744
2745
2750
2759
2804
2828
2852
2852
2858
2875
2901
2907
2923
2924
2928
2950
2953
2970
3008
3029
3029
3034
3045
3045
3065
3087
3091
3096
3099
3101
3106
3112
3120
3128
3135
3136
3137
3149
3155
3155
3171
3185
3203
3203
3211
3212
3230
3240
3245
3247
3249
3259
3273
3291
3309
3324
3325
3341
3385
3387
3401
3447
3449
3475
3507
3511
3514
3518
3565
3572
3601
3602
3608
3610
3612
3614
3619
3625
3629
3630
3642
3660
3666
3670
3678
3685
3698
3700
3713
3728
3729
3734
3737
3741
3746
3754
3768
3785
3810
3811
3816
3818
3819
3828
3851
3865
3883
3897
3927
3944
3946
3951
3955
3969
3976
3988
3989
3995
3995
3999
4002
4005
4011
4032
4039
4052
4062
4065
4066
4073
4076
4080
4092
4102
4127
4147
4169
4171
4174
4179
4188
4199
4200
4217
4217
4238
4250
4261
4261
4274
4277
4280
4286
4288
4305
4310
4314
4323
4329
4332
4339
4339
4365
4372
4389
4396
4410
4413
4416
4439
4449
4460
4480
4490
4491
4494
4497
4500
4508
4512
4513
4521
4532
4564
4567
4578
4586
4588
4597
4602
4610
4618
4619
4623
4623
4627
4628
4654
4655
4673
4692
4698
4699
4699
4708
4711
4717
4726
4733
4743
4743
4761
4776
4784
4799
4802
4814
4838
4840
4846
4847
4847
4851
4851
4862
4875
4878
4884
4914
4918
4924
4939
4958
4967
4982
4984
4989
4990
4990
5020
5020
5022
5026
5027
5047
5053
5059
5063
5075
5091
5101
5110
5116
5146
5197
5208
5228
5236
5249
5286
5288
5291
5292
5297
5300
5317
5338
5343
5345
5349
5353
5358
5360
5370
5373
5373
5374
5375
5377
5381
5403
5406
5417
5428
5432
5462
5463
5470
5478
5492
5506
5507
5518
5519
5531
5555
5556
5568
5582
5588
5598
5626
5630
5631
5645
5645
5648
5681
5688
5710
5711
5712
5715
5725
5726
5732
5746
5747
5747
5755
5770
5776
5791
5798
5807
5810
5813
5813
5844
5849
5865
5866
5888
5893
5894
5895
5912
5913
5928
5933
5940
5947
5950
5959
5964
6003
6021
6031
6043
6048
6050
6054
6056
6076
6077
6083
6101
6105
6106
6114
6118
6122
6131
6136
6143
6149
6151
6152
6154
6197
6209
6213
6221
6222
6236
6251
6251
6261
6267
6269
6275
6276
6292
6297
6353
6359
6362
6380
6396
6402
6427
6432
6435
6435
6444
6451
6451
6459
6460
6464
6466
6473
6475
6484
6494
6517
6517
6520
6528
6543
6557
6582
6583
6594
6628
6628
6637
6647
6653
6662
6666
6671
6678
6691
6693
6694
6702
6709
6710
6719
6720
6734
6734
6736
6758
6765
6770
6778
6787
6792
6793
6806
6807
6816
6819
6821
6831
6838
6845
6858
6864
6877
6895
6908
6909
6939
6948
6953
6963
6969
6972
6994
6995
6995
7012
7015
7020
7024
7030
7035
7081
7088
7097
7098
7107
7118
7150
7154
7166
7172
7176
7192
7214
7234
7240
7264
7276
7311
7324
7333
7338
7345
7354
7377
7379
7394
7402
7405
7405
7409
7416
7435
7442
7453
7461
7463
7471
7481
7489
7515
7532
7537
7542
7550
7550
7553
7565
7591
7611
7623
7629
7634
7645
7650
7650
7652
7662
7667
7685
7698
7701
7706
7717
7721
7726
7732
7736
7758
7770
7788
7805
7806
7807
7821
7824
7828
7853
7854
7863
7864
7865
7882
7910
7912
7926
7945
7955
7968
7969
7973
7991
8012
8017
8029
8030
8033
8035
8041
8042
8061
8081
8084
8084
8087
8087
8088
8094
8105
8125
8126
8149
8171
8195
8199
8202
8211
8219
8226
8230
8245
8291
8301
8304
8309
8312
8321
8328
8332
8335
8336
8338
8341
8357
8357
8358
8397
8401
8410
8424
8427
8454
8459
8479
8481
8484
8486
8487
8506
8508
8551
8559
8563
8570
8580
8580
8594
8595
8606
8667
8674
8684
8707
8707
8727
8729
8732
8737
8741
8744
8744
8750
8752
8754
8762
8767
8777
8777
8820
8827
8837
8856
8865
8871
8879
8882
8885
8886
8897
8903
8908
8910
8917
8922
8928
8929
8930
8931
8936
8946
8957
8961
8966
8979
8980
9002
9011
9039
9041
9041
9059
9072
9086
9090
9094
9140
9172
9184
9192
9209
9215
9237
9237
9260
9265
9301
9306
9307
9318
9328
9351
9354
9360
9389
9389
9402
9413
9426
9427
9468
9472
9474
9476
9485
9490
9490
9505
9524
9525
9533
9534
9541
9545
9577
9586
9593
9596
9599
9616
9617
9617
9621
9623
9643
9647
9647
9676
9702
9707
9709
9729
9738
9743
9750
9769
9771
9772
9782
9807
9807
9808
9812
9821
9824
9850
9854
9867
9886
9911
9921
9923
9926
9936
9945
9951
9963
10014
10048
10056
10090
10096
10106
10125
10130
10133
10153
10191
10219
10246
10272
10277
10280
10287
10294
10300
10300
10322
10327
10328
10329
10335
10345
10365
10376
10378
10384
10406
10413
10417
10437
10445
10449
10460
10496
10498
10511
10532
10571
10575
10582
10582
10583
10601
10611
10628
10628
10663
10666
10679
10683
10686
10687
10702
10709
10712
10715
10717
10725
10754
10755
10772
10775
10777
10789
10793
10845
10846
10856
10875
10881
10886
10904
10921
10950
10951
10959
10962
10962
10968
10971
10988
10994
10995
11000
11021
11022
11024
11027
11049
11056
11070
11100
11110
11111
11115
11119
11120
11121
11123
11143
11144
11159
11163
11172
11177
11178
11191
11194
11212
11220
11231
11242
11281
11294
11294
11297
11318
11318
11319
11328
11341
11358
11361
11366
11377
11381
11398
11400
11404
11423
11424
11441
11497
11513
11535
11540
11560
11566
11579
11581
11605
11606
11614
11622
11623
11625
11636
11639
11661
11671
11695
11698
11710
11714
11720
11732
11737
11750
11754
11765
11785
11787
11789
11798
11826
11830
11835
11851
11877
11879
11901
11969
11971
11982
12002
12004
12012
12014
12044
12051
12064
12068
12069
12095
12103
12106
12112
12137
12154
12158
12171
12178
12179
12184
12189
12205
12210
12232
12237
12254
12264
12269
12304
12341
12346
12361
12371
12386
12395
12402
12402
12416
12418
12427
12440
12447
12448
12453
12478
12502
12511
12519
12525
12526
12534
12553
12555
12560
12563
12567
12570
12575
12576
12576
12578
12580
12582
12587
12590
12610
12632
12636
12636
12641
12654
12668
12675
12696
12697
12698
12710
12711
12729
12735
12735
12747
12756
12758
12761
12781
12788
12789
12803
12805
12805
12806
12807
12818
12830
12834
12836
12839
12844
12849
12878
12879
12880
12881
12891
12902
12908
12925
12928
12936
12945
12948
12967
12975
12981
13007
13011
13035
13041
13052
13077
13087
13124
13131
13141
13155
13176
13217
13237
13257
13302
13316
13321
13329
13332
13346
13353
13365
13367
13369
13369
13391
13395
13396
13397
13400
13401
13408
13417
13446
13452
13460
13504
13506
13512
13515
13518
13518
13527
13537
13537
13543
13553
13557
13567
13568
13584
13591
13608
13614
13624
13626
13631
13634
13643
13647
13652
13655
13667
13673
13675
13682
13705
13717
13720
13723
13744
13748
13764
13780
13782
13792
13793
13797
13807
13825
13834
13845
13847
13873
13873
13882
13885
13897
13903
13923
13925
13931
13951
13964
13972
13985
14002
14006
14008
14024
14024
14035
14042
14050
14058
14084
14098
14106
14116
14116
14144
14152
14164
14192
14227
14245
14248
14252
14276
14298
14303
14311
14312
14320
14323
14338
14371
14371
14374
14384
14388
14390
14392
14401
14432
14439
14443
14466
14474
14484
14485
14488
14489
14501
14505
14519
14542
14548
14559
14561
14566
14585
14588
14595
14606
14621
14624
14694
14695
14697
14705
14706
14714
14721
14731
14768
14774
14783
14791
14805
14831
14862
14871
14909
14915
14948
14949
14950
14956
14976
14978
14984
14988
14996
15000
15032
15036
15063
15072
15084
15096
15099
15104
15116
15120
15125
15136
15137
15155
15160
15179
15184
15185
15197
15197
15205
15251
15251
15255
15258
15259
15276
15280
15286
15289
15296
15323
15335
15343
15350
15360
15360
15362
15379
15387
15388
15420
15424
15424
15433
15502
15532
15538
15543
15551
15558
15561
15579
15582
15597
15605
15613
15621
15625
15635
15639
15668
15676
15693
15693
15698
15700
15722
15737
15744
15759
15777
15784
15784
15802
15808
15813
15830
15834
15836
15849
15850
15883
15890
15929
15944
15951
15959
15969
15972
15984
16004
16006
16009
16014
16025
16036
16064
16082
16084
16095
16103
16119
16122
16126
16147
16166
16197
16231
16232
16234
16235
16259
16268
16289
16309
16315
16323
16325
16326
16332
16346
16351
16354
16357
16377
16380
16385
16394
16396
16405
16424
16425
16427
16431
16434
16436
16444
16460
16473
16487
16488
16493
16500
16505
16522
16523
16535
16536
16537
16567
16572
16581
16582
16584
16586
16588
16608
16610
16626
16654
16663
16666
16673
16681
16686
16694
16741
16754
16763
16772
16783
16784
16788
16795
16797
16809
16832
16835
16841
16861
16862
16879
16881
16885
16892
16893
16897
16913
16914
16917
16939
16944
16944
16950
16964
16973
16996
16997
16999
17017
17022
17033
17036
17036
17058
17060
17070
17074
17076
17079
17117
17117
17139
17139
17163
17176
17179
17192
17207
17213
17223
17225
17227
17234
17246
17248
17252
17271
17274
17321
17326
17332
17337
17342
17346
17358
17359
17360
17366
17411
17424
17427
17435
17444
17455
17463
17464
17468
17478
17479
17480
17480
17504
17507
17528
17537
17542
17552
17555
17571
17577
17621
17631
17640
17645
17650
17650
17665
17685
17706
17714
17717
17771
17773
17775
17796
17800
17801
17824
17831
17841
17844
17857
17860
17862
17888
17888
17948
17951
17954
17963
17967
17977
17983
17993
18001
18024
18025
18030
18034
18038
18043
18045
18053
18057
18057
18096
18119
18122
18167
18172
18176
18213
18230
18241
18259
18261
18271
18280
18284
18294
18295
18311
18333
18343
18366
18385
18399
18400
18427
18439
18478
18481
18500
18503
18511
18513
18529
18530
18537
18552
18559
18567
18576
18577
18578
18588
18598
18600
18610
18613
18619
18620
18637
18650
18682
18691
18703
18709
18717
18720
18733
18741
18748
18761
18764
18770
18778
18802
18816
18828
18831
18841
18865
18866
18874
18878
18880
18882
18933
18946
18951
18955
18975
18979
19014
19023
19034
19039
19043
19046
19051
19054
19082
19090
19112
19138
19158
19161
19184
19186
19191
19212
19212
19219
19227
19239
19241
19248
19262
19266
19269
19270
19273
19274
19291
19296
19304
19305
19306
19309
19310
19328
19333
19352
19354
19360
19373
19393
19398
19429
19429
19438
19447
19487
19499
19501
19513
19513
19521
19538
19540
19544
19569
19579
19587
19597
19601
19610
19644
19646
19655
19656
19663
19667
19675
19702
19703
19713
19728
19735
19775
19783
19809
19815
19818
19827
19829
19838
19846
19864
19868
19876
19902
19914
19921
19935
19946
19955
19970
19983
19988
19996
20000
20010
20029
20033
20034
20035
20038
20045
20057
20058
20083
20091
20106
20108
20134
20155
20156
20216
20218
20241
20244
20267
20288
20306
20314
20316
20322
20343
20350
20366
20384
20395
20427
20433
20440
20443
20451
20458
20482
20490
20506
20528
20547
20568
20570
20571
20581
20594
20602
20613
20617
20619
20621
20631
20638
20658
20665
20665
20678
20688
20711
20726
20741
20747
20763
20773
20774
20781
20782
20799
20820
20821
20846
20846
20846
20867
20882
20883
20888
20907
20918
20923
20926
20937
20956
20972
20974
20983
20984
20985
20989
21020
21068
21076
21077
21079
21086
21108
21144
21149
21169
21196
21196
21198
21201
21206
21212
21214
21238
21242
21254
21259
21270
21286
21301
21308
21311
21321
21351
21352
21352
21374
21374
21374
21377
21377
21393
21395
21404
21414
21425
21437
21450
21461
21482
21484
21494
21496
21505
21512
21514
21534
21536
21537
21538
21542
21547
21556
21560
21566
21575
21590
21599
21601
21612
21626
21634
21666
21671
21673
21674
21701
21715
21715
21730
21745
21748
21765
21780
21781
21784
21792
21800
21806
21808
21809
21828
21828
21836
21843
21865
21867
21891
21903
21907
21925
21929
21936
21938
21939
21957
21958
21961
21973
21975
21976
21987
21997
21998
21999
22005
22014
22034
22039
22055
22074
22088
22099
22106
22114
22123
22124
22131
22147
22170
22175
22186
22187
22188
22190
22201
22202
22204
22217
22230
22244
22247
22255
22264
22265
22278
22282
22294
22314
22319
22329
22335
22362
22369
22369
22378
22380
22383
22408
22415
22430
22437
22440
22449
22467
22484
22490
22499
22522
22560
22564
22565
22616
22624
22641
22642
22645
22652
22660
22661
22667
22669
22679
22685
22687
22689
22696
22696
22709
22710
22712
22712
22716
22726
22732
22733
22737
22748
22754
22785
22802
22804
22808
22809
22816
22832
22838
22843
22846
22850
22868
22879
22889
22890
22897
22925
22937
22939
22952
22961
22975
22986
23000
23005
23016
23060
23095
23105
23113
23131
23145
23148
23160
23162
23164
23166
23170
23205
23219
23245
23246
23259
23260
23268
23268
23312
23316
23318
23328
23386
23404
23410
23414
23417
23424
23429
23433
23438
23441
23448
23458
23476
23477
23480
23481
23482
23492
23511
23515
23534
23539
23544
23558
23565
23576
23586
23590
23600
23604
23605
23644
23650
23651
23651
23697
23711
23715
23744
23745
23748
23767
23771
23788
23798
23809
23821
23831
23834
23845
23847
23855
23880
23908
23912
23934
23959
24005
24031
24053
24054
24060
24077
24080
24092
24108
24114
24134
24140
24160
24165
24172
24172
24176
24179
24185
24185
24190
24197
24210
24229
24238
24242
24250
24256
24265
24277
24290
24291
24305
24315
24317
24318
24318
24324
24338
24339
24342
24343
24348
24353
24364
24367
24367
24390
24414
24416
24416
24425
24428
24429
24467
24476
24487
24489
24496
24498
24514
24515
24533
24536
24541
24551
24571
24575
24590
24593
24603
24605
24621
24622
24633
24633
24637
24653
24654
24666
24683
24696
24717
24727
24750
24751
24754
24770
24775
24779
24783
24823
24829
24843
24844
24856
24864
24876
24876
24889
24929
24933
24941
24942
24942
24965
24979
24982
24994
25004
25013
25015
25032
25061
25065
25065
25101
25105
25109
25119
25133
25144
25152
25188
25196
25199
25216
25224
25240
25276
25294
25300
25302
25315
25321
25338
25344
25346
25348
25351
25369
25369
25373
25381
25382
25385
25403
25422
25436
25479
25505
25528
25529
25532
25538
25545
25548
25557
25577
25590
25598
25634
25635
25638
25661
25669
25670
25673
25679
25680
25722
25731
25732
25733
25735
25738
25742
25750
25758
25766
25778
25780
25799
25805
25814
25817
25821
25824
25826
25841
25844
25848
25859
25886
25889
25913
25913
25921
25927
25931
25946
25946
25963
25975
26003
26008
26008
26022
26028
26029
26029
26042
26050
26050
26053
26060
26069
26080
26098
26101
26138
26149
26166
26167
26204
26210
26216
26218
26228
26255
26256
26265
26278
26280
26288
26297
26298
26312
26339
26387
26390
26393
26399
26400
26401
26414
26415
26425
26429
26429
26436
26474
26475
26485
26492
26508
26509
26518
26523
26535
26536
26539
26555
26577
26585
26594
26600
26607
26615
26620
26623
26623
26631
26631
26647
26652
26660
26664
26699
26702
26703
26712
26724
26730
26734
26737
26740
26743
26748
26761
26765
26787
26795
26798
26799
26801
26810
26810
26819
26825
26832
26839
26844
26860
26862
26863
26864
26865
26869
26873
26878
26892
26892
26897
26906
26923
26931
26943
26943
26948
26964
26968
26990
27006
27016
27036
27044
27045
27047
27055
27088
27094
27106
27108
27109
27113
27113
27134
27149
27152
27177
27178
27183
27200
27206
27215
27215
27221
27245
27263
27269
27276
27283
27293
27295
27316
27317
27319
27319
27322
27341
27342
27350
27367
27372
27375
27378
27385
27391
27410
27418
27418
27421
27422
27424
27428
27433
27443
27472
27473
27493
27518
27520
27531
27542
27542
27548
27568
27569
27570
27583
27594
27598
27605
27625
27626
27628
27650
27657
27666
27668
27677
27710
27748
27757
27763
27766
27769
27777
27779
27791
27793
27798
27799
27817
27837
27846
27860
27867
27871
27875
27877
27886
27897
27917
27919
27920
27925
27925
27942
27946
27951
27962
27965
27969
27972
27985
28013
28021
28038
28042
28059
28089
28089
28097
28102
28104
28106
28107
28108
28114
28132
28142
28147
28152
28153
28188
28191
28228
28229
28233
28247
28249
28258
28283
28299
28306
28315
28321
28324
28330
28331
28348
28354
28365
28375
28378
28381
28389
28390
28395
28406
28418
28422
28441
28445
28457
28465
28487
28487
28492
28494
28498
28513
28530
28533
28547
28560
28567
28569
28589
28591
28595
28609
28630
28638
28638
28643
28651
28655
28660
28682
28691
28694
28699
28723
28731
28739
28740
28751
28758
28762
28763
28778
28780
28795
28796
28800
28806
28808
28816
28829
28837
28841
28859
28875
28876
28897
28899
28917
28941
28945
28949
28983
28988
28989
28996
29009
29027
29035
29043
29043
29044
29049
29072
29084
29086
29093
29107
29124
29125
29135
29140
29149
29153
29163
29177
29180
29181
29192
29213
29224
29230
29236
29238
29251
29267
29298
29309
29312
29320
29322
29346
29352
29366
29373
29379
29385
29415
29416
29423
29425
29432
29435
29436
29441
29450
29455
29464
29466
29467
29475
29499
29501
29512
29524
29530
29546
29549
29549
29561
29571
29575
29582
29584
29598
29628
29633
29635
29639
29650
29659
29660
29714
29736
29760
29773
29776
29777
29799
29806
29808
29816
29817
29819
29822
29824
29826
29829
29832
29845
29859
29862
29868
29872
29881
29890
29910
29911
29916
29941
29950
29952
29960
29971
29973
29988
29991
30016
30078
30079
30084
30126
30143
30145
30170
30202
30207
30217
30222
30235
30255
30267
30298
30313
30328
30334
30335
30338
30390
30400
30401
30402
30424
30427
30433
30437
30455
30490
30497
30504
30505
30509
30517
30543
30544
30563
30570
30581
30584
30588
30616
30621
30628
30633
30637
30653
30654
30698
30707
30720
30727
30746
30749
30761
30762
30762
30767
30791
30807
30809
30816
30830
30844
30855
30908
30926
30929
30933
30936
30948
30960
30967
30988
30989
30989
30990
30994
31001
31004
31005
31015
31021
31039
31041
31059
31060
31072
31073
31073
31094
31116
31149
31167
31170
31174
31193
31200
31212
31219
31221
31231
31235
31264
31272
31283
31306
31312
31315
31325
31325
31360
31365
31378
31381
31391
31424
31435
31435
31455
31456
31474
31477
31478
31497
31498
31507
31514
31518
31523
31536
31537
31545
31567
31570
31576
31590
31591
31602
31619
31631
31641
31697
31698
31705
31712
31715
31735
31746
31747
31751
31757
31772
31777
31779
31786
31787
31790
31806
31849
31858
31863
31864
31867
31904
31910
31928
31939
31939
31943
31947
31947
31949
31953
31953
31999
32006
32007
32015
32016
32018
32037
32037
32039
32054
32079
32097
32101
32105
32118
32123
32124
32125
32136
32154
32155
32170
32172
32173
32173
32176
32178
32188
32189
32209
32212
32225
32234
32235
32235
32256
32313
32338
32382
32402
32403
32409
32419
32427
32456
32457
32458
32465
32472
32481
32487
32487
32487
32510
32537
32546
32570
32570
32578
32580
32585
32586
32622
32648
32663
32668
32684
32708
32714
32715
32730
32736
32746
32751
32766
32769
32782
32783
32805
32813
32818
32823
32844
32846
32852
32873
32900
32906
32918
32926
32928
32947
32980
32990
33013
33027
33041
33051
33088
33089
33096
33097
33098
33101
33112
33118
33120
33121
33122
33125
33135
33163
33173
33178
33191
33193
33199
33213
33214
33218
33239
33274
33304
33308
33317
33333
33343
33345
33345
33346
33347
33347
33365
33374
33399
33414
33418
33426
33434
33439
33439
33448
33462
33467
33477
33496
33504
33527
33536
33583
33603
33606
33611
33632
33643
33646
33662
33669
33674
33674
33695
33696
33698
33724
33725
33747
33749
33759
33760
33761
33766
33784
33789
33809
33818
33830
33841
33843
33844
33845
33874
33895
33899
33920
33921
33951
33953
33965
33967
33967
33969
33977
33984
33986
33987
34020
34024
34028
34045
34046
34070
34075
34077
34082
34089
34096
34097
34109
34130
34155
34164
34174
34183
34190
34193
34208
34214
34229
34235
34238
34238
34258
34275
34288
34291
34295
34297
34299
34317
34318
34342
34353
34355
34382
34388
34400
34400
34403
34414
34417
34429
34442
34458
34460
34468
34471
34474
34488
34498
34517
34521
34533
34542
34570
34587
34592
34593
34595
34602
34619
34645
34654
34662
34675
34714
34721
34754
34779
34786
34806
34809
34820
34822
34831
34845
34848
34854
34864
34916
34921
34927
34935
34942
34946
34959
34984
34990
34995
35014
35040
35041
35051
35072
35076
35089
35109
35141
35144
35151
35155
35167
35174
35176
35183
35197
35218
35236
35270
35293
35303
35320
35349
35357
35366
35377
35390
35395
35424
35433
35439
35444
35448
35451
35469
35469
35477
35507
35509
35519
35523
35532
35534
35555
35560
35569
35575
35587
35590
35608
35639
35650
35650
35653
35674
35680
35681
35705
35731
35732
35746
35757
35762
35763
35782
35811
35816
35817
35824
35825
35828
35841
35843
35849
35851
35853
35862
35862
35865
35871
35872
35876
35881
35889
35898
35903
35908
35912
35913
35922
35932
35936
35936
35952
35954
35978
35985
36000
36003
36046
36048
36057
36058
36059
36060
36062
36070
36072
36093
36094
36098
36122
36128
36138
36148
36150
36152
36159
36161
36166
36167
36191
36191
36192
36193
36196
36214
36215
36240
36244
36278
36292
36302
36307
36307
36318
36326
36345
36348
36349
36355
36387
36390
36409
36413
36414
36422
36426
36461
36470
36470
36476
36481
36481
36486
36540
36568
36569
36573
36593
36611
36622
36626
36637
36642
36652
36678
36679
36680
36683
36685
36685
36697
36701
36715
36719
36719
36728
36734
36751
36751
36782
36786
36810
36825
36827
36849
36853
36854
36862
36879
36890
36905
36925
36927
36947
36969
36993
36998
36999
37011
37025
37026
37046
37047
37047
37050
37073
37090
37092
37095
37100
37126
37134
37140
37145
37151
37160
37173
37179
37189
37194
37194
37203
37209
37217
37223
37234
37246
37253
37280
37283
37284
37294
37296
37330
37342
37367
37385
37392
37394
37434
37435
37437
37468
37477
37482
37522
37537
37542
37582
37597
37634
37650
37678
37681
37682
37701
37703
37703
37716
37717
37739
37746
37749
37785
37792
37805
37826
37829
37833
37838
37860
37885
37901
37904
37931
37934
37946
37956
37960
37969
37980
37981
37986
37991
38001
38051
38071
38075
38080
38082
38094
38100
38104
38109
38128
38129
38134
38137
38141
38155
38168
38180
38210
38212
38213
38221
38224
38237
38243
38248
38252
38255
38264
38275
38279
38280
38334
38386
38387
38402
38409
38413
38415
38444
38446
38448
38473
38479
38481
38485
38499
38517
38518
38521
38523
38542
38550
38564
38571
38586
38591
38624
38640
38668
38675
38676
38677
38683
38689
38693
38694
38699
38707
38719
38722
38731
38732
38732
38732
38746
38748
38785
38786
38792
38800
38825
38829
38840
38864
38875
38885
38891
38891
38903
38918
38945
38949
38950
38972
38976
38979
38991
39001
39022
39023
39025
39048
39062
39066
39073
39077
39092
39098
39116
39137
39141
39156
39165
39167
39179
39180
39200
39214
39218
39238
39253
39258
39278
39303
39307
39317
39319
39325
39328
39329
39330
39340
39357
39363
39380
39393
39398
39409
39430
39432
39434
39443
39444
39466
39492
39511
39535
39539
39540
39556
39563
39570
39574
39597
39605
39611
39612
39612
39621
39627
39627
39628
39629
39633
39648
39660
39666
39675
39683
39701
39721
39721
39728
39738
39754
39771
39775
39781
39794
39797
39798
39821
39834
39841
39846
39863
39869
39876
39881
39881
39899
39986
40006
40026
40030
40046
40051
40064
40084
40090
40112
40138
40149
40160
40169
40176
40183
40185
40197
40219
40222
40239
40243
40244
40260
40271
40275
40290
40321
40322
40345
40365
40368
40371
40372
40373
40379
40380
40384
40409
40412
40423
40425
40434
40452
40465
40471
40481
40500
40505
40505
40507
40511
40512
40518
40521
40547
40551
40557
40570
40574
40583
40592
40593
40594
40607
40608
40611
40622
40629
40635
40663
40664
40666
40675
40687
40694
40702
40705
40706
40711
40713
40717
40718
40718
40724
40728
40737
40738
40747
40752
40754
40755
40764
40779
40798
40804
40817
40852
40854
40863
40872
40878
40888
40909
40916
40934
40934
40936
40938
40941
40965
40977
40989
40992
40995
41005
41027
41055
41078
41086
41088
41094
41095
41096
41096
41103
41103
41114
41138
41146
41148
41151
41152
41168
41189
41197
41203
41205
41213
41226
41239
41239
41247
41258
41260
41279
41279
41279
41283
41298
41300
41301
41307
41310
41319
41324
41326
41343
41360
41375
41388
41392
41403
41423
41425
41448
41452
41456
41456
41468
41468
41475
41501
41507
41545
41546
41568
41570
41581
41596
41612
41616
41631
41641
41652
41655
41689
41696
41697
41706
41708
41721
41727
41734
41735
41737
41737
41744
41744
41751
41753
41754
41766
41769
41771
41779
41788
41792
41799
41810
41847
41873
41893
41895
41901
41904
41926
41932
41952
41955
41978
41990
41994
41999
41999
42005
42016
42024
42024
42056
42066
42070
42070
42076
42090
42095
42112
42113
42114
42120
42121
42123
42151
42153
42155
42168
42170
42173
42187
42213
42214
42214
42216
42218
42219
42219
42227
42236
42240
42247
42259
42260
42281
42315
42323
42353
42366
42371
42380
42385
42393
42403
42417
42436
42445
42446
42449
42457
42464
42476
42489
42511
42519
42519
42522
42526
42533
42541
42558
42564
42570
42573
42578
42590
42593
42612
42618
42623
42630
42631
42634
42637
42643
42647
42698
42705
42714
42715
42722
42722
42722
42754
42757
42776
42783
42810
42819
42823
42843
42851
42870
42877
42879
42902
42914
42920
42921
42921
42922
42927
42932
42936
42938
42938
42960
42976
42977
42980
42983
42989
43002
43007
43025
43060
43068
43087
43100
43116
43121
43156
43157
43179
43188
43188
43204
43223
43226
43246
43247
43251
43252
43272
43275
43300
43303
43305
43309
43314
43317
43327
43361
43369
43373
43379
43384
43428
43432
43446
43456
43482
43503
43504
43507
43515
43529
43578
43594
43597
43621
43651
43654
43664
43680
43689
43702
43707
43707
43708
43720
43724
43734
43746
43775
43788
43790
43822
43830
43834
43844
43853
43861
43881
43891
43893
43914
43917
43938
43940
43976
43978
43979
43987
43996
44000
44007
44010
44013
44014
44035
44036
44038
44062
44065
44096
44117
44121
44128
44138
44174
44176
44197
44216
44227
44245
44269
44282
44284
44290
44327
44338
44339
44358
44362
44365
44378
44379
44382
44387
44390
44406
44422
44444
44448
44450
44452
44471
44472
44474
44485
44494
44496
44512
44539
44553
44562
44567
44571
44592
44602
44618
44622
44631
44645
44646
44699
44701
44715
44724
44736
44737
44743
44743
44744
44745
44753
44761
44768
44780
44798
44811
44814
44814
44828
44833
44865
44874
44884
44888
44894
44915
44922
44929
44937
44954
44956
44957
44975
44984
44989
44991
44997
44998
45017
45029
45038
45050
45057
45062
45073
45077
45084
45096
45100
45101
45119
45121
45122
45138
45154
45202
45205
45211
45212
45216
45219
45221
45222
45228
45237
45257
45260
45267
45270
45294
45300
45307
45322
45325
45362
45381
45381
45399
45410
45430
45439
45447
45449
45473
45490
45491
45511
45529
45547
45555
45562
45565
45570
45581
45582
45587
45625
45631
45632
45636
45643
45645
45662
45678
45697
45701
45718
45722
45731
45756
45771
45778
45808
45808
45809
45814
45815
45818
45841
45868
45876
45893
45895
45906
45910
45914
45923
45924
45948
45959
45962
45965
45974
45984
45985
45993
46000
46018
46020
46044
46051
46056
46060
46070
46078
46091
46105
46124
46137
46144
46147
46149
46149
46164
46166
46185
46199
46200
46202
46208
46214
46286
46296
46305
46313
46324
46324
46330
46345
46347
46358
46369
46377
46378
46389
46395
46414
46421
46425
46440
46446
46459
46481
46481
46509
46521
46524
46529
46532
46553
46560
46561
46571
46578
46585
46594
46637
46644
46645
46661
46685
46697
46701
46706
46719
46724
46728
46730
46735
46745
46756
46759
46762
46781
46781
46795
46824
46824
46827
46827
46832
46847
46863
46879
46895
46898
46900
46907
46911
46917
46929
46957
46979
46985
46993
46997
47063
47082
47083
47100
47120
47123
47123
47140
47150
47177
47195
47202
47207
47214
47236
47281
47283
47303
47305
47309
47309
47324
47325
47346
47365
47396
47436
47439
47454
47456
47489
47499
47511
47516
47532
47536
47541
47593
47594
47618
47625
47650
47660
47660
47683
47687
47694
47694
47700
47712
47718
47720
47731
47731
47738
47738
47754
47770
47787
47818
47821
47825
47831
47835
47840
47848
47853
47859
47868
47873
47873
47874
47877
47903
47907
47912
47942
47948
47949
47958
47962
47963
47971
47972
47978
47978
47979
47982
47985
47996
47999
48005
48008
48026
48036
48059
48085
48087
48089
48114
48124
48141
48156
48168
48170
48172
48175
48199
48202
48207
48224
48226
48229
48231
48232
48248
48253
48265
48300
48305
48313
48314
48332
48340
48355
48367
48397
48415
48421
48422
48435
48436
48438
48445
48459
48472
48482
48492
48511
48520
48539
48562
48594
48595
48615
48618
48619
48643
48653
48688
48699
48737
48747
48748
48755
48757
48759
48764
48770
48821
48823
48831
48838
48839
48840
48851
48852
48860
48877
48890
48895
48897
48903
48925
48931
48938
48940
48968
48969
48977
48979
48992
49029
49069
49081
49082
49101
49106
49117
49135
49138
49141
49158
49167
49180
49186
49188
49193
49198
49201
49248
49259
49278
49297
49298
49301
49304
49315
49317
49320
49337
49346
49365
49382
49395
49412
49423
49442
49443
49462
49519
49521
49531
49537
49550
49566
49571
49573
49601
49606
49606
49617
49618
49619
49631
49644
49644
49645
49646
49648
49659
49664
49669
49683
49685
49695
49702
49709
49711
49712
49726
49736
49741
49744
49753
49783
49791
49817
49825
49846
49848
49854
49859
49877
49899
49911
49913
49920
49930
49932
49954
49956
49972
49976
49976
49981
49987
49997
49999
